1.3781446527690806
1.31976941162937
1.5296866198955388
1.7967554117949924
1.3324466418590737
1.6591569549388305
1.303169331127233
1.5790710062120843
1.4206534310689858
1.282896497991353
1.8681804971575822
2.221168612416377
1.9316691597533031
1.4870116273136365
1.4976069742997788
1.9954962199369901
1.2956197312211588
1.680055292218176
1.653826773448286
1.6415914582651885
1.9352256001055057
1.3294041146144635
1.6325809167344538
1.779944291824267
1.2762960617153443
1.634046641415856
1.670913710613188
1.5563736038710454
1.5558300509460492
1.6024505972779162
1.725312781232426
1.3680547452005407
1.2952157224864118
1.505254193180308
1.489306371780599
1.3746630839634826
1.5494911156779971
1.9421460901025784
1.7470346072402163
1.1902345386602655
1.9069908301017255
1.6585602361321492
2.064224222200727
1.2997101377168736
1.552038493998599
1.8787984235879924
1.6441790739090196
1.219113232162333
1.7514351174639022
1.8482580503083772
2.075863165173771
1.526852615794096
1.8859624678625573
1.8914594180213635
1.3750291643795618
1.6267898795968676
1.7427975004517429
1.120364828406032
1.6011249022560015
1.8690777556116063
2.2672687975092187
1.2703056784995916
1.624940826745086
1.72906146856193
1.6364165743998524
1.4223669204284999
1.1891173420917847
1.7925061798815727
1.610959589794022
1.5262266443461636
1.7210290199789915
1.707270243074936
1.443376554102897
1.390548118835827
1.6994652810468052
1.7404904512524764
1.512851407854355
1.9266101755583032
1.2802738503708724
1.2879943729493835
1.6091745365041432
1.7757538124629813
1.4735781441221105
1.564830522474747
1.5374711039513522
1.065067098514303
1.2124009914132636
1.914085710724106
1.7886732234391525
1.778621074223429
1.6092808804695664
1.3615618274960024
1.2896832289664462
1.2725704994037528
1.7096185201960952
1.4896851697539069
1.572199945918578
1.668917728938959
1.4763818480381723
1.5127539093672249
1.493767661229366
1.829816327011892
1.7954938325698862
1.3010789599690111
1.3633470235766822
1.6974689939730205
1.817018405813144
1.818285620229051
1.399311649892227
2.271353160287863
1.4225222164382627
1.8773319048672534
1.453396547930563
1.3460522147952543
1.2810104479696975
1.196023017839716
1.6120632930035208
1.5645919349701807
1.6995385929236044
1.42791566900165
1.5470019288845238
1.7473617462858082
1.6129266667121567
1.3647732965616979
1.6275424421911624
1.4417855870429435
1.4997643156000482
1.4115769067779547
1.3205940143566521
1.4024090796244195
1.8401237230503693
1.8379035819994942
1.930367338897347
2.063635342432185
1.8158326460794614
1.6904210924058725
1.495766425867114
1.3826182330086203
1.2732651398262942
1.5378281175727762
1.9415300690281632
1.3837258227479086
1.7027348171011385
1.7210460005591681
1.5111149213856458
1.6668683687860426
1.4423684100178389
1.6728002120116094
1.7082512355972994
2.03208353924118
1.3484695616287241
1.6512165635530254
1.765226418798618
1.5761706784066973
1.4631543923156913
1.4786536177907692
1.1496159585221313
1.9238990466133372
1.788565145796556
1.6576248550366062
1.4473672550959065
1.6851052249438674
1.6337131755228194
2.1119739749759368
1.195323979426996
1.5980648691164674
1.5674793986555233
1.8260187879108252
1.7012335328404173
1.3811443173371323
1.599703564760689
1.668150167831427
1.4871160092234321
1.8193303510035594
1.6355612246502096
1.5838908110852252
1.8549189306189737
2.070273768694292
1.5073556075417036
1.4389642389109987
1.652587273786067
1.7555412549962732
1.7897673182195502
1.4443271692345763
1.5594451989238587
1.2454312938129328
1.9061338451781966
1.9233564788076842
1.5661664636389832
1.7665892013886333
1.5930356288753387
1.7759218407341586
1.576183311887014
1.681353797781535
1.7683814496881995
1.504087881767755
2.2415952397163075
1.5398936107413328
1.5703385126544618
1.8960473760699188
1.6218608967260144
1.579149516290875
1.7616399385273764
1.415471367826554
1.4899991718881482
1.3683818972313406
1.3875123508697607
1.527953209312252
1.4584074059476029
1.753935717337638
1.3530464936554722
1.912074783438254
1.4062624193219517
1.7423811202781918
1.6283828881563023
1.7924642851614907
1.8697930408807224
1.7562499301512844
1.7170216161952658
1.5753685731247833
1.6833360492664702
1.8118522035323235
1.9554484209096494
1.4289106690211884
1.7038480425556621
1.4613719093944304
1.6558632497777614
1.309901848985878
1.9646118214031185
1.6291055573184554
1.596340659415664
1.5294874287957372
1.621532937419222
1.720589994075126
1.152162651037429
1.833498832495602
1.8011250507142904
1.1913013195544453
1.9403254313811886
1.6500382817812989
1.8183642385934145
1.8523885459148495
1.5860979158954382
1.3810471923906482
1.717598661251767
1.6104005891269209
1.6723149534431172
1.5044717391687776
1.5300059386042335
1.8100741610413502
1.4887416871706955
1.8991036074556746
1.6533261186806862
1.885815279953863
1.6390511140723947
1.6146388201793525
1.7468886672742066
1.4638039204330153
1.3362157612745205
1.500762378344507
1.8436179294321944
1.7969321242851521
1.638671005908169
1.3735470164129424
1.2271076948007271
1.6977256663426612
1.4703964373860037
1.5186408688509845
1.264903359079035
1.8160645375378544
1.8320933705104927
1.5548778358984874
1.5529087647734285
1.4109973554878434
1.3613767328432822
1.7413646438518209
2.046591816572077
1.6590388757692245
1.8201349800305389
1.5683181612543284
1.5893769728268696
1.64971136730153
1.531071080617624
1.65150353153661
1.2921020877163938
1.3390773787625734
1.8257591396602095
2.1678985931527652
1.3897582914693158
1.837480616494497
1.7400366453673677
1.8828606825957808
1.7588751929157593
1.7031761474180258
1.4555358219725896
1.7508012482887352
1.921134426253743
1.6157031191460647
1.8730309602584156
1.9765981258939929
1.4202509487916724
1.4768303680806594
1.2417875266294625
1.4886897109540513
1.5738849758362539
2.0141515284148284
1.5948376031794202
2.079713395946326
1.9639740231016958
1.3641160517314734
2.030696780854007
1.8192771894547333
1.1760862660996394
1.5901412038720126
1.9588257832707086
1.6006047635738652
1.9440796640610052
1.4365554231171564
1.1668249716604715
1.501721636696452
1.6449079160671456
1.2720088839075592
1.5560222699732191
1.5508168065898047
1.2163346832402602
1.61761033652871
1.708418351556295
1.3938798013608993
1.348669921277856
1.5781219822230081
1.953062261082207
2.133820524920336
1.2586573700076655
1.702724790936204
1.471655677714407
1.4131028591045014
1.4572961270868927
1.5459001692184848
1.3743017773712154
1.7218759145151625
1.7052119827026524
1.5385319945706328
1.8001975775647565
2.2109091669913687
1.706446571194125
1.2928790631293645
1.0414208468890798
1.8794121345460963
1.597279943959411
1.1941802374685153
1.2976755956025476
1.3910994121850717
1.8249514554580129
1.9305747325397034
2.008025336626706
1.8370372251117306
2.0121564877597122
1.6930073534848589
1.5992829093442469
1.9016963505918738
1.6114886500239134
1.092794994278953
1.710398696248714
1.8859349752217112
1.6033068646411357
1.7205063940544916
1.4802324435006733
2.081414410636271
1.2357846325569404
1.7545636908543247
1.5765091566617206
2.155176102007549
1.7816477711227299
1.3344983670103057
1.7481935280480776
1.258276590221958
1.597561044911772
1.5227582498503762
1.4098171480816881
1.249361768840754
1.869952424355288
1.8038446969056345
1.7406195205550465
1.5719279791479062
1.869833917682373
1.3644424859617892
1.6428018984983237
1.6004770345457404
1.8680686007270106
1.2853152709521078
1.5683588727411484
1.4861997088994463
1.5696408849501609
1.4425503572868046
1.7095726403225808
1.4886525077192891
1.440319088631095
1.452592015318237
2.295276893420937
1.423715951213262
1.7628911852053646
1.8023131698237516
1.5220369955537256
1.3860288264062803
2.0114267627716504
1.4221182965780474
1.4149710623842144
1.6028767350369777
1.5964692021494216
1.7504434293092686
2.074513858862426
1.6926072420750597
1.463860950297046
1.4815476432727837
1.2565586066434797
1.5999890431274617
1.6794020485533656
1.5457034961680756
1.4720043413297252
1.7144957944755652
1.9381080270555893
1.811775451726622
2.0428705963513165
1.213916987633162
1.7503750128598812
1.7336084892091332
1.6637452943918014
1.5289459409832602
1.310500980105428
1.776284338930725
1.3408382494016429
1.6267298242524566
1.8412999835055779
1.7382037494765017
1.6466091735670807
1.6036815186471267
1.3759315381357828
1.7977179392734797
1.3700649564748664
1.6140967348382946
1.604244757736054
1.3855736321390517
2.1211623629323024
1.3019366226397409
1.3600987762859051
1.6290971554575981
2.037562823704152
1.4537326266608033
1.5256328759358417
1.6575667408867525
1.5441474602559424
1.6931512214782993
2.3364227919184577
1.2006913587507597
1.9397875963694742
2.0015458944538387
1.2513111171406082
1.2766564386681694
1.6669321139758357
1.765232540383595
1.7303328640088034
1.3791016839680628
1.6744000069876086
2.046420721415492
1.5069523650799397
1.9800202051724387
1.5391765655877294
2.0957834747766926
1.210558020761855
1.496290988167177
1.403008640661783
1.4599053714893626
1.7842796692149727
1.2125798162321826
1.2567784323352498
1.644564637211747
1.6838056290132817
1.6063876803382344
1.4247480497262541
1.3311377823835984
1.376352689084091
1.9756798047996176
1.9967680544558766
1.7580553417458669
1.6221765854504986
1.5970287712804043
1.3613122093678611
1.6683040882810383
1.482651554632853
1.4149170234994404
1.5995869981746431
1.7106299919651815
2.353423505838982
1.9993542031758533
1.4514307012695462
2.118216094970271
1.717900813849269
1.5911919113048725
1.9279617435347427
1.3522465931321357
1.4625855797122935
2.02875909061092
1.5093145334937799
1.6155835884217493
2.0317433343967752
1.6236671043502964
1.498971579617455
1.7532563066175157
1.7773101413331984
1.3097654974321926
1.4788215976800803
1.2987051655483197
1.6351012949017172
2.146475851478767
1.35342765466723
1.5060168626910126
1.7587259854222201
1.5838401592529998
1.2717295363543326
1.6815527230755105
1.4126041397758746
1.4330588632365835
1.9933440460811114
1.8700979326460174
1.5720144925455737
1.49052705233614
1.9743880277159451
1.645520165115495
1.4623885871781794
1.6091295527733451
1.3487915870406164
1.5300163201148644
1.5363662567509186
1.8841156751614425
1.2863909835328968
2.08462072902872
1.4879412540773547
1.4420462139230539
1.5332984987127292
1.469185045959116
1.7502049105525719
1.8720348296050497
1.5537112709583636
1.8306317725138457
1.7086482044921831
1.62901278466137
1.1644942898159956
1.5658329858544722
1.6759486192186501
1.646348729011156
1.7869101685448208
1.6250265979454253
1.9903230809259798
1.5913183139400553
1.451673351009449
2.0490222090716816
1.732631815248219
1.5500369552354323
1.5535476265965371
1.6163719111063528
1.9064843279915236
1.559922615782066
1.197026537507473
1.772631926886972
1.8674734142271006
1.5161487714503676
1.633058907633698
1.9775827745234027
1.8410839064211655
1.4848360398085947
1.5357253220061375
1.6810003597007699
1.4824581216973411
1.2181148312985397
1.6800167667095594
1.6314079717248433
1.95421659856107
2.3656471079980563
1.5506494167630944
1.348047329710753
1.7940173749862753
1.473776826062022
1.7785449979885646
1.5243751386711528
1.400939846435226
1.6819634185642816
1.5257077155262004
1.7393921683850544
1.9535750586599465
1.217880598113727
1.353779954263266
1.4329467435259835
1.704040322275016
1.6082439362569494
1.4557019890871652
1.478144257725862
1.6747572460193714
2.5145422628288907
1.2862855391547463
1.9880045962472832
1.7348249187502602
2.0698829348899968
1.780001440112793
1.634793178544063
1.3928811315653025
1.1204611611338533
1.33613890146793
1.402822166820156
1.429237528364597
1.711078765014945
1.6581384531352614
1.2396016794171805
1.9326293896319884
1.7679668804514541
1.8098542192439981
1.938917744911264
1.7617076888289056
1.681909390749961
1.4455332312325344
1.4162264881707143
1.4717850188952164
1.8703031762099673
1.7734993541249269
1.2576185098578958
1.2189414976441766
2.049923619775656
1.9468913675528414
1.3397020041783845
1.5013606808122109
1.2159398426826737
1.72773743301688
1.762213933905814
1.7889991246939394
1.525436217961801
1.7917811664141028
1.5693939998046198
1.894474794572925
1.9847393687781778
1.3789578635554107
1.4349830789572207
1.4744859145547045
1.5471993618232605
1.8173388131398105
1.6526423841305353
1.6752990270602526
1.9002406226039545
1.721353491306769
1.4733301612130116
1.4518346608851607
1.5103290253405088
1.5569424975356128
1.752390624679781
1.6155019302340043
2.0640103110168595
1.9766970118544396
1.6447164232809246
1.1989431546559717
1.5482470051542896
1.4148747104519044
1.6156385986175292
1.684754345286948
1.297113251287502
1.6266924594301224
1.3331128333420963
1.6104342874212763
1.5219643491242414
1.364909823768396
1.5109024803950388
1.5147047880393552
1.9961236083998914
1.3624614777902047
1.4071176091863504
1.4261620394199668
1.2589733574151978
2.038596472303266
1.4040161713501993
1.3294401946719017
1.0919441729162327
1.940045399205451
1.5485546186474495
1.1593251361651524
2.0281349299854172
1.6378507259653299
1.8122833664669804
1.8123729172765013
1.7914009153272832
1.6906301059413704
1.6310994150743228
2.130958148400582
1.8065480215608591
1.6159319485489891
1.4249914190045
1.4676784264709795
1.3560396345376557
2.1664234542588563
1.7488618284773565
1.4155404932856936
1.460149581237897
1.7622785934655394
1.9122126991165214
1.183106261499732
1.648135768669878
1.6316041875893916
1.8570771815270064
1.5052006051357114
1.6309926607662897
1.4576327613456932
1.3981763971640588
1.3309007890534577
1.6311016477978932
1.654146866075305
1.747727966161658
1.473915222364933
1.6234485508638181
1.3945100495034786
1.5453777957732335
1.5236668461839145
1.6351159095567027
1.465022587330227
1.7061727960151438
1.1933245158491652
1.5002231892065907
1.7716241958655383
1.6452710388189364
2.072892026222579
1.5250409560027345
1.744844052663766
1.4318283660028737
1.9101741718793437
1.3870453667970672
1.5199656006938154
1.6194670447032444
1.5682156080589789
1.6555009292432306
1.6708800099811878
2.207556526381477
1.9569781441665464
1.3693222793150517
1.3940092038074317
1.388534430766549
1.653150007051649
1.687800615843966
1.5777221910677723
1.5532881475886346
1.7018519182160368
1.5337449524417115
1.1220346414120876
1.641965157337363
1.4470142431742579
1.6470957332800344
1.965628974990991
1.379591585177418
2.122573839416093
1.5156231363686994
1.4680151179234509
1.2845179188987959
1.6492459631552447
1.704461449746882
1.6020616041487528
1.802489640804879
1.7223334267501706
1.5702469981863159
2.274037540955285
1.6122308651557615
1.8931452796215718
1.8408705287517046
1.6372884066417783
1.4078032151437538
1.7224657539787769
1.7421085713147795
2.2243000863767497
1.4917794547490462
1.7744121942915945
1.3103989611359201
1.342465242036801
1.5468186012404612
1.330540968387386
1.8858233775492454
1.6309896863796984
1.5403185311352992
1.3212160741778691
1.864232312425439
2.0327546608402303
1.688728701272412
1.5383847479356973
2.3408310367167258
1.996968285536941
1.9607468822089482
1.4439633792541826
1.8326697284804572
1.4771895784015214
1.4705891499257882
1.7194742804390943
2.0675604933229077
1.6440399273025559
1.560388079444624
1.921916110038692
1.7392936293655976
1.3906251592947592
1.7828228076688037
