0.8814887428468595
0.9418062613510078
0.9677936121430504
0.9693161388136999
0.9821317894069106
0.9687792636893864
0.9733694489645609
0.9676099562793493
0.9760806185489626
0.973715070060566
0.9796443274619465
0.9729303812328214
0.9689965866701911
0.9650686937518255
0.9732375178788579
0.9648090111745824
0.975923398864069
0.9751806221073424
0.9798385014178278
0.9787823701299261
0.9696024854206384
0.972617422401137
0.9728096423214918
0.9691805217108573
0.9785212846423156
0.9708069099858712
0.9684213565761247
0.975422156569492
0.9772757618855941
0.9804006546249496
0.9816809307527355
0.9759863669429417
0.9783379541585617
0.9786116101234337
0.9688923883090588
0.9686411732705263
0.9775219199752645
0.9738462684698334
0.9828889329013182
0.9764380862059933
0.9680058525842674
0.9711192413978268
0.983023378860531
0.9752510804699372
0.978351484728466
0.9759438985804096
0.9714157182078005
0.9768919440822036
0.96817161541746
0.9656322580725618
0.9747567750403157
0.972276001684526
0.9747286003743298
0.9761455981458421
0.9721776825621654
0.9637461324176518
0.9730425970103289
0.9753147005732893
0.9770182176331175
0.9748428930438938
0.9805570454979161
0.9788314626812923
0.9639877845625396
0.9703515579906764
0.9785777117119246
0.977160022635
0.9794229322807153
0.9739784478953225
0.964272489659707
0.9712422371286713
0.9731973960182059
0.9732072748055473
0.9694804567002017
0.9795643436266971
0.9699039086398669
0.9760846440974925
0.9740328587664082
0.9755375622529606
0.9806605562521983
0.9709423480982263
0.9704740389506583
0.972506428582684
0.9720021708049195
0.9692100815578346
0.9683108984160703
0.9718760669833264
0.968475486450661
0.9796542666058626
0.9695410447742127
0.9803888696465735
0.967014741585782
0.9785963247706648
0.9676347357337549
0.9741477018957398
0.9749426531564258
0.9695703738434566
0.9680500558065832
0.9720444467131142
0.9741346498876111
0.9736268116818741
0.9778932040470995
0.9778420683313297
0.9817294923020754
0.9738202850598743
0.9811674310952413
0.979492351191201
0.9767292094601574
0.9776008288686967
0.965052971719408
0.9649940983677109
0.9755715707233641
0.9709358127498114
0.967514822552104
0.969556434318563
0.9752495494846743
0.9814993187382561
0.9818173832830391
0.9726548020478664
0.9709509427983011
0.967320946506816
0.9731490304457651
0.9685923347206759
0.9716469930704857
0.9758444649523852
0.9743687506031111
0.9708889110338217
0.9692549279448949
0.9713553137685859
0.9719928382854431
0.9711223321033793
0.9737841261824547
0.9763353943123156
0.9716833497506986
0.97416235522378
0.978040664068684
0.971597302971345
0.9746513622209128
0.983153283189747
0.973148024657641
0.9765089944778685
0.9801125866931688
0.9751069703765792
0.9738673909739763
0.966210673402797
0.9758699086495297
0.9713532655060012
0.9767999979864084
0.9744381335314969
0.9779976615303382
0.9811965286685259
0.9815362861707271
0.9728701724509825
0.9736914830665406
0.9738478534222208
0.9675326579144923
0.9734446435597632
0.9724490475427732
0.9739945921586244
0.9789601632882864
0.9799181581322522
0.9760106654798071
0.9826056059870237
0.9731609140318909
0.974170984125078
0.9756282267633942
0.9723697575189744
0.9756003138320765
0.9776926779273327
0.9767578690397996
0.9665533470208337
0.972586215912936
0.9792128592156479
0.9789642658559932
0.9788297749474645
0.9804024656958296
0.9668599374042661
0.9730852367953211
0.9716396010468831
0.9710593933655625
0.9747902848159359
0.9647738155859668
0.9665511421782416
0.9728805098643145
0.9684357968031843
0.9726443695911946
0.9726676631837973
0.9766301724416833
0.9677993550412962
0.9750289539241244
0.9728419525720005
0.9663527980026276
0.976068252681261
0.9762970416979352
0.9825431599439588
0.9772555295865307
0.9794924088847893
0.9762406032331986
0.9738041457420751
0.9820278256652434
0.9774815051998803
0.986261496418217
0.970853147062373
0.9715031956370923
0.9667431606543705
0.9751528527087648
0.9722549101612332
0.9642024434174818
0.9750950613071421
0.9739554870392836
0.9849759474720212
0.9795569169677655
0.9688251011305861
0.970683595277057
0.9801262306978763
0.9765024315918702
0.9813883166752523
0.9688536570344866
0.9672092690849537
0.9751476510784659
0.9680839020125871
0.9680689704875152
0.974125739895839
0.97266880681952
0.9781936111212539
0.9741815879510233
0.9773767401433194
0.9741872678404045
0.9728135223218345
0.98244085364879
0.9729713618312427
0.9708050202819112
0.9815606430996
0.9745931573045183
0.975463436467587
0.9683767225260543
0.9755984867886967
0.979562932424061
0.9736413081433857
0.9752784805157315
0.9774028368296335
0.9723504805545853
0.9778682782778941
0.9682846361143043
0.9781341573289654
0.9704907028985891
0.9690454819001991
0.9720878254043288
0.9661343377540167
0.9742195614673698
0.9706799844534334
0.9711406019813963
0.9711188976087282
0.9708174554402893
0.9753086988950078
0.9742175885946769
0.9715472586242901
0.97239146328456
0.9773263040513662
0.9779162748749392
0.9702551393688075
0.9790607070591306
0.9639677282084589
0.9759018274631305
0.970637775584904
0.9803366701729863
0.9697152057376434
0.9734979856990732
0.9710308060519444
0.9742833798285574
0.9703774319693516
0.9741288434829796
0.9743094520091475
0.9722189706825185
0.9719501304674149
0.9702393508365518
0.9725664158695237
0.9759921509214304
0.9824755703727109
0.9823161583233019
0.9685683904271619
0.9742939342346687
0.9667467996573493
0.9772193771665453
0.9769865058471134
0.9652423561714863
0.9716918105328665
0.9882042531373165
0.9698020294468455
0.9715385688192409
0.9739186423571548
0.9698041779895324
0.974448670537842
0.9696232231748919
0.9789250571244885
0.980447097058699
0.9706942219223385
0.9715445398476883
0.969928366035365
0.9702647180956765
0.9777848060670356
0.9717961213374389
0.9675190192467338
0.9768296645526289
0.9678173274549935
0.9802948691149352
0.973166544351888
0.9757443016298639
0.9762942392316251
0.9740441990030685
0.9706804883065622
0.9721072253485443
0.9731135092952824
0.969087102376488
0.9710424720946815
0.9736992061416642
0.9775754674348933
0.9687143196675135
0.9648394920604862
0.9739003026255872
0.9684292364493594
0.9759195442434009
0.9730309152075731
0.9745586687434977
0.9734544295183488
0.9703637012881232
0.9659578721612564
0.9723520415006007
0.9793672854314337
0.9798657855063654
0.9768440227680979
0.9720540786898975
0.9699486984554259
0.98075817889628
0.9734971416249965
0.9670166652071569
0.9706858649604488
0.9731110866778693
0.9746047500362294
0.9688148648300301
0.9854983458805131
0.9656167578979582
0.9754816662150033
0.9744557275162986
0.976597393088247
0.9810386922342551
0.9815999997173087
0.9701197716449365
0.9752542418520967
0.9730736552362411
0.980945491755089
0.9775910145283584
0.9793227603042126
0.9643929299112689
0.9737203423286509
0.9701712632066337
0.976525464446065
0.9779500621251064
0.9762227307015122
0.9811419749295968
0.9709708296804642
0.974166123559683
0.9661993732361315
0.9786476969271284
0.9756219779698719
0.973185126804075
0.971281408421658
0.9773570555886649
0.9772583287023473
0.9743020539353101
0.9714194036759703
0.967214111365187
0.9788851387162484
0.9734596253881255
0.9763785903159925
0.9754207440743177
0.97576770053708
0.9717702450041333
0.9766164938017843
0.9747079278724989
0.97357741431962
0.9727477181729147
0.9691062718616813
0.9714757237158425
0.9706499061787239
0.9652154072713549
0.967734756433146
0.9743215403268324
0.9695037011378992
0.9687679853568797
0.9697435148516856
0.9772192418237985
0.9710119539537048
0.9708337618653593
0.9804241624417761
0.9698204717217921
0.9697294531043014
0.9703071633414295
0.9788767334365519
0.9778512320485735
0.983628198870765
0.9756251903964344
0.9696774056127918
0.9774753183110707
0.9744358015922137
0.9855849638501747
0.9705642216776265
0.9669787972152024
0.9766564668715536
0.9678947762057802
0.9695060784444783
0.9661827874141605
0.9819608933304483
0.9704749385150243
0.9782123322348366
0.9803384720545472
0.9732871229399205
0.9787360703988955
0.9730457499570097
0.9782847625660338
0.9770144140817923
0.9706801527217152
0.9683952950834528
0.9733992847952582
0.9628115227277105
0.9589540799149551
0.9650896779383487
0.9758948089465231
0.9750325662328129
0.9711061618721601
0.9746364947170834
0.9666082453558699
0.9729860114514571
0.9752906649609306
0.9833889744316601
0.9822573250767542
0.9697137433728412
0.976912477776925
0.9739189754962478
0.972251511120156
0.9661662241076957
0.9797157931949706
0.9717267987626842
0.9840654132242117
0.9777475407237652
0.9683595449634117
0.9792700192746648
0.977245868576786
0.9684230313893443
0.979781888094896
0.9644280401130637
0.9710192139107606
0.9817570717118936
0.9799359525282844
0.9784423165449686
0.9725499892432615
0.9703658295766846
0.9736990341320494
0.9789221384397894
0.9679134798752377
0.9732320731801051
0.9804376726226496
0.9706422079004968
0.976733678542586
0.964003980961506
0.9746492658489436
0.9804559564730904
0.9730931064266595
0.9681321744578902
0.984981651630397
0.97529737984268
0.9759916088037612
0.9760882234207191
0.97197141028655
0.9740874590336136
0.977772250487518
0.9791374828529265
0.9739885140876822
0.9674742231710395
0.9754375977751333
0.9699170955219795
0.9699886509020876
0.9723781309552252
0.9748325598325162
0.9846799012314953
0.9709633872305101
0.9699883889150439
0.9772542456069822
0.9633815235991182
0.9715714041771355
0.9724384843605884
0.9779215679543651
0.9687353772797506
0.9765747135405755
0.9697294339494756
0.9746536350134667
0.9770777689365739
0.9729870597689017
0.965926014813846
0.973330608690211
0.9715727337775589
0.9664030452315131
0.9760030149757571
0.9735992750255036
0.9820931019612641
0.9717466993565362
0.9715883053659089
0.9683924749169045
0.9736336214012339
0.9754910298832017
0.9672270969812153
0.9780637564784661
0.9788377365388092
0.9805193880462181
0.9732822825271403
0.9735373705270863
0.9766830030318093
0.9824733174540754
0.9708781305956724
0.9760814075151016
0.9776685752061824
0.9726935681742456
0.9759394916938039
0.966406503935362
0.979811413100437
0.9711250179283426
0.9665021486636018
0.9713822511474741
0.9788958140683744
0.9845417130888195
0.9755258045460877
0.9775834417662583
0.9711523766052956
0.9837300458498858
0.9790301165522705
0.9820264470391254
0.9779285544852913
0.9738039516153653
0.968074174822874
0.9734588894869061
0.9797506371484767
0.9808107193668353
0.9746244756307654
0.976627721808409
0.9704650368305441
0.984482940828441
0.9746728008998907
0.9705106549943727
0.9679283544476971
0.9725362734048243
0.9730358498570125
0.9864599340328027
0.9712777633701614
0.9732371878869506
0.9803686943507567
0.9644435784432595
0.9663091055114963
0.9733005352429627
0.9721498951535276
0.9769181536336033
0.9726339935475611
0.9742494677234643
0.9732599247393683
0.9752546259563899
0.9741956477934256
0.9639609909448057
0.9691019053275365
0.9733951256127876
0.9754418158078602
0.9781373872634256
0.9730133589564544
0.9714510212932178
0.9758439794937986
0.9658660680534924
0.9776875807292433
0.9683983625998185
0.9720979483872046
0.9670966857553739
0.9766565775751765
0.9778520189872151
0.9775086059874808
0.9683283398424597
0.9800865780781272
0.978682510810328
0.9698971995040797
0.9740277415403346
0.9790993724140217
0.9755288998744649
0.9710582713791681
0.9774345670875465
0.9817609459630167
0.97347834052925
0.9653154343909747
0.965165277514183
0.9732788529351842
0.966266850108786
0.9794463282946824
0.9756770385711011
0.9766175440178788
0.977727105742204
0.9757918280804181
0.9680568680982912
0.982548579109133
0.9763933575087189
0.9634777863401157
0.9744034460799146
0.9741031411966856
0.9717658016752335
0.96998491699829
0.972945828415266
0.9658421579777333
0.9637398487415234
0.9740016887555527
0.9740048544531479
0.9690166498119198
0.9728232331492705
0.964936046841049
0.9758332756722952
0.9700662950040168
0.963016105316747
0.9759473588525108
0.9683264293522642
0.975603349292807
0.9741722748085204
0.9748904104865628
0.9770370960661815
0.9816337095724506
0.9738502476689941
0.9755063880199182
0.9673206645157805
0.9715910275565518
0.9705197868163778
0.9698838768518996
0.9754539191048336
0.9722194909123099
0.9691137061886
0.963042363894172
0.9822073104717816
0.9712777580128866
0.9718815957121784
0.9831992621257598
0.9744369799777965
0.9721760449671691
0.9734209868451545
0.9754671564162348
0.979274688327816
0.9760930096038728
0.9767138336093759
0.9784765729917272
0.9705964723316067
0.9746758127835428
0.9708322505650449
0.9756442445230158
0.9802872248417093
0.9702531577230036
0.9662137573191244
0.9721921679360582
0.9785004167936137
0.9852671156023886
0.9690976921456727
0.977276091404811
0.9795230403254764
0.9664390698048031
0.9781832966916423
0.9726686472930328
0.9749965282863501
0.977059588099182
0.9777361875486874
0.9674166484107822
0.9691395753762498
0.9744803779025026
0.9798575871753832
0.9710844046580069
0.9624504442270728
0.9702620853149612
0.9728485763633111
0.9777347558615705
0.9600468783842493
0.9738996487860102
0.9704231452298699
0.9725196759204264
0.9727367097406967
0.970298703118619
0.9708419947339778
0.9829663790305471
0.9756751879226305
0.9691817575334828
0.9707837571851676
0.9703655021339049
0.9650293446721323
0.9702435335789912
0.9727602023753302
0.9688560444291122
0.9684892664542492
0.9736903040365619
0.9741415234795003
0.9745716086792178
0.9735000353032444
0.9751204636410228
0.9723284439745172
0.974511501417677
0.9742256798238742
0.972650531387012
0.976647849668127
0.9756289039915683
0.9733642609723226
0.9739364306309889
0.971218685303682
0.9731648971471702
0.9709902295356092
0.9760152897203481
0.9731852894602355
0.9665294513557898
0.9645687668677931
0.9711496294019208
0.972239957464512
0.9810694840636314
0.974939883884138
0.9742947401430481
0.9765718709917367
0.980157773948249
0.9766602463686175
0.9725488794220367
0.9782669815496879
0.9775494871718995
0.9776675847064087
0.9781242369437427
0.9752363483170479
0.9653865398914506
0.9732729373208596
0.9768885812028741
0.9685988819137611
0.9749538994128117
0.9759868524280656
0.9685007322343532
0.9766457552725984
0.9814960490913037
0.9728562211879087
0.9742643412841973
0.9658153424156969
0.9730168902569754
0.9803165067534618
0.9661958157172649
0.9707615166228888
0.9652954667042498
0.9717444075138086
0.9823948963110265
0.9686348110948549
0.9699016950128344
0.9643635781990341
0.9655428633677272
0.9650699376004807
0.9789347927634884
0.9687391685336106
0.9688342656969279
0.9796136370411748
0.9687927523209806
0.9766203341945586
0.9740199624816118
0.9786227887466736
0.9701234630895522
0.9689455666369234
0.9743452950432908
0.9725062687853677
0.9760339994520577
0.9705865941616363
0.9832637821326201
0.9719311878464534
0.9806293806587066
0.970975186788732
0.9770852386910958
0.9771489531083475
0.9739977236949955
0.9790504153191182
0.9776564210510487
0.9672126123329741
0.973701310411268
0.9696785674390057
0.9790718191040656
0.9721290349869732
0.973627863926806
0.9793358364323798
0.9801315489827713
0.9801879714387705
0.9704106653055636
0.9718475028941582
0.9724171874607646
0.9726413614117471
0.9748912590336346
0.9750326717765233
0.9725410056590684
0.9735505179542129
0.9755977867959789
0.9690095006021322
0.9700016576409526
0.9689817133121704
0.967473686766678
0.9729667030169559
0.9728665898484201
0.9731705231086374
0.9809663998359884
0.9685586295788983
0.9727633613591639
0.9723591415423155
0.9699822929734009
0.9748038423698052
0.9635707036405394
0.9737322320948809
0.9662083373803017
0.9746039155813807
0.9865136713451194
0.9639952276194375
0.9741146987739834
0.9689076834908966
0.968391927857229
0.9721931722381688
0.9694902222525328
0.9697194908344583
0.9720775022550043
0.9737096386536164
0.9755122901984071
0.9782918128472543
0.9723912061328633
0.9721208405273594
0.9778354928599595
0.9776252866081305
0.9673304789730994
0.9687567595098087
0.9750585904921987
0.9701594128517946
0.9719384701002622
0.9840470112678386
0.9699636753809172
0.9693315897288453
0.9680857539622578
0.972905243012472
0.9819899897360709
0.9740417627527193
0.9752388800369994
0.9754415737750008
0.9679239601804432
0.9731055556721028
0.9772015127923255
0.9720275892326183
0.9744863247519604
0.9679556717876875
0.9708564012297842
0.9786732250954304
0.9684210984466889
0.9882842020597343
0.9802802665494755
0.9705305804987974
0.9777314203398861
0.9675197176878014
0.9776354283260648
0.9676104359238618
0.9788059815695649
0.9793156385200354
0.9721525779851898
0.9781086415974214
0.9710986450645305
0.9755889934060777
0.9701018679540119
0.9763222345822811
0.9679413029272034
0.9745328723395115
0.9871860023186251
0.9758902023460856
0.973152329160982
0.9688539249615127
0.9669723250012647
0.9814406140356523
0.9740842141599767
0.9735885963691375
0.9660684981648927
0.9776356766046816
0.979805534207283
0.9686743765500607
0.9775980770161725
0.9690525310194236
0.9806314351081965
0.9733126595736663
0.9719159528995013
0.9723045674801559
0.9686543380424438
0.9657616267921932
0.9647344387051359
0.9680654459698627
0.9736407771065598
0.9765358565141831
0.9763206164204818
0.9732660559573968
0.977799161020068
0.9790272235342488
0.9751307022238825
0.9705020430089952
0.970686282464785
0.9760789486613055
0.9720271507656714
0.968124351937368
0.9806927883845381
0.9698052423177503
0.9767650550501941
0.9787537591940993
0.9711650354384229
0.97331005127066
0.972135765520003
0.9792371919423424
0.9630597210570448
0.975379460693145
0.9751140874695138
0.9815833624778408
0.9818649382668734
0.9773906361576309
0.9778826585890912
0.9737204987768713
0.9725760334777902
0.9697535973593965
0.9719330454057874
0.9746394671473722
0.9748496867787652
0.9741324187960535
0.9738380435653422
0.9771030393113869
0.9761324465001107
0.9743980280477833
0.9824338951804751
0.9734232105718833
0.9742297229700791
0.9783308896046994
0.9814948075091466
0.9833135974935233
0.9749562970350869
0.9762994394398993
0.9773617141506472
0.9804278000922501
0.9744317335414607
0.9721130187113699
0.9797349994497723
0.9788603865345311
0.9712730353022786
0.9794976493917823
0.9769055253658928
0.9778160665636376
0.9721609536757361
0.9792003531896136
0.9704946628549445
0.9723239226808131
0.974424134761995
0.9771032477808091
0.9709890900488745
0.9783233446750382
0.9606278989831847
0.9801454076952999
0.9690100739197061
0.9761898088459368
0.9702639284800482
0.9721030207321187
0.9827204021299584
0.9753087472701725
0.9718468510263879
0.9701292409566615
0.9757105449950538
0.9817719353718415
0.9885088152297377
0.97140673581456
0.9766665030251153
0.9674210113572096
0.9799057709540229
0.9751475208729634
0.9698049758920714
0.978064041862539
0.9675948429305339
0.9757570118038542
0.9740822391410359
0.9745401642344705
0.970785294781006
0.9716059832108347
0.9733362492596963
0.9729153911446221
0.9720998430707445
0.9742059669892655
0.9692859441912771
0.9742221287847863
0.9740048301762657
0.9739508699137881
0.9657099817393033
0.9705709102492628
0.9766232081795915
0.970334406446272
0.9712807085817086
0.9722658104426763
0.9759156654217955
0.9701616730855009
0.9842302996089682
0.9705798943463829
0.9704900430620276
0.9797315713718464
0.9637992460741429
0.9636659313162323
0.983917889342939
0.9737074504994524
0.9715179407052768
0.9747525344279845
0.9659153766837542
0.9684369850076164
0.9726460226693412
0.9748622110440384
0.9803630583281454
0.9687739293097041
0.9737218151421974
0.9713661315978738
0.9728903033510875
0.9750144594019767
0.9775813739493303
0.9727802574035386
0.9780871335250116
0.9739905881202547
0.9750933890254773
0.9796995369106019
0.9720858312712004
0.9696488243119203
0.9697112967857788
0.9698812616093387
0.978560405988128
0.97414735488709
0.9740353736530332
0.9711090084733581
0.9782479514186341
0.977323358357962
0.9750512859311653
0.9681807199432119
0.9791734659174015
0.9759799458029633
0.9734077748379019
0.9662913441740628
0.9781462855276046
0.9786377173622185
0.9663449036465143
0.9739253147708578
0.9745579257055093
0.9657303935377002
0.9716842353565283
0.9749211435723066
0.9710316420622391
0.9721884966897015
0.9783853233263728
0.9735457245177601
0.9780758911379427
0.9722901303811744
0.9754839739672932
0.9752233038682805
0.9777686346294591
0.9661611238485714
0.97032604448847
0.9714081586064188
0.9818870723777916
0.9793243434358877
0.9663566419643792
0.9748067588006728
0.9792403854587302
0.9662347938262679
0.9746726402767959
0.9778449608660149
0.9761285982089694
0.9825042342802125
0.9790582527964772
0.9707877040823316
0.9698354016516416
0.97219503037318
0.9800410692338016
0.9693135909186537
0.9769308938051899
0.9679211182952835
0.9708701131576974
0.9698032228057576
0.9699002056512097
0.9745027414339129
0.9768818095382535
0.9767612606205279
0.9813405940728309
0.9791309045903648
0.9726223498705439
0.9748273269159838
0.9779220699983818
0.9811093668149005
0.9716895652498194
0.9705497304725251
0.9717077606506879
0.9739169691055279
0.972159980970074
0.9667223982658552
0.9736909887994569
0.9696035147504974
0.9734673734563869
0.9830188319236273
0.9763637975285202
0.9758195039148698
0.973892912837076
0.9833640191476886
0.9784186881640344
0.9732438622759012
0.97479825931356
0.984381335859111
0.9729738788498298
0.9761096944169898
0.9670650604936201
0.9799733546975243
0.9772413768176618
0.9692696814461832
0.9721373363989231
0.9793875834476319
0.9741832362139411
0.9682071718558506
0.9715096643917658
0.9795727148619713
0.9777006450389955
0.970898975282549
0.9733184502747328
0.9710027971328888
0.9833860908955825
0.9665709940662234
0.9647443587622965
0.9754340813837029
0.9712474885628413
0.972357654735446
0.9718025295323895
0.9681628463165928
0.9724421923787834
0.9793547763798689
0.968188569395371
0.9730824372605944
0.9755600119072059
0.9771000200606998
0.9736796660356899
0.9755534476734022
0.9674935129684397
0.975075813358787
0.977242651678063
0.9703983429685887
0.9768949736458948
0.9685996997073897
0.9698952478348951
0.9684861510439057
0.9672689994050114
0.9773766927975504
0.9732274392615108
0.9877912410095415
0.9730152160367475
0.9780011438660684
0.9722246458542021
0.9728614704629092
0.9675667617936642
0.9641273849133053
0.9679091647833283
0.9748345249825111
0.973177203327131
0.9683389302084479
0.9728740783778951
0.9726275079291011
0.9728440579366777
0.9788206551983093
0.9752751114884303
0.9662198563995055
0.9736679573603522
0.9706095841061254
0.9668441110263369
0.9681636752174527
0.9722507812573772
0.9745010922065854
0.980047516918059
0.9689891795133648
0.9784203521087742
0.9769656058922503
0.9713314590542298
0.9819442848675791
0.9718887567263702
0.9733758091218327
0.9665499358771416
0.9648600757086696
0.9723303779568011
0.9714332377001152
0.97834289958925
0.9735373067019024
0.9731422858666361
0.971537624047107
0.9749437011904654
0.9710919419824716
0.983542283012754
0.9702432996380236
0.9732367866728233
0.9765899871599011
0.9664644990710565
0.9765402800515527
0.9748482459828607
0.9789038451938983
0.9726256332969223
0.9756038737221132
0.9703642812560964
0.9796474525879184
0.9827873223425657
0.9736960673158375
0.9791685337733
0.9813914284302908
0.9784891221700934
0.9748749461214047
0.9788563785898721
0.9767602438819595
0.975741514915938
0.9784741894885839
0.9707536993412325
0.9699373806925164
0.9693112323053508
0.970536829120575
0.9701269647773705
0.9749886144261458
0.9730144072264061
0.9820690833415603
0.9726487975118286
0.9681219099626387
0.9746403745803609
0.9748545896772042
0.9687070717520625
0.9815817728029471
0.9745179457043309
0.9691455487011758
0.9679134002116707
0.9723791240445967
0.9727404806681
0.9734649168106576
0.9759813849280344
0.9712029715469014
0.9787167734709777
0.9775390733617684
0.9803085383386072
0.9771746501695319
0.9718657104018983
0.9704032785778749
0.9682932916945381
0.9730456137644197
0.9859084783607023
0.9652580992961666
0.9707115092469435
0.9728746676751977
0.9751284312153387
0.9718038603325078
0.9771271978797648
0.9701799568619777
0.9781685300687736
0.9795315672140953
0.9777754619788309
0.9669357138928829
0.9723421845915308
0.9712496883868752
0.9803710760865337
0.9749825732305181
0.9647050377566996
0.9766040020529949
0.9717280934259366
0.9782368536617094
0.9728385835166579
0.9723328463740676
0.9778270819846395
0.9811706033746653
0.9754322073323664
0.9844542519098346
0.9730702516043453
0.9726753232952894
0.9734921073000634
0.9707846420167096
0.9666428101644746
0.965064543855798
0.97149967730826
0.9660723262524396
0.9651197883872967
0.9756411646430684
0.9688327496429043
0.9726769286190415
0.9718130328782973
0.9694186204111552
0.971113978201081
0.9739376886987828
0.9677017656921695
0.9814610746839011
0.9840133436548879
0.9708144678461668
0.9776275300836796
0.9732443656267563
0.9791588850891008
0.9691810436853813
0.9625913483004644
0.9700495290539367
0.9689257698527677
0.9781305311356345
0.9822257459324203
0.9765423029672983
0.9734710265235673
0.9865967995045847
0.9726829957326525
0.9720967169090406
0.986313494632151
0.9706564096690423
0.9851269085689762
0.9768727738387295
0.9724466543142585
0.9778171927570302
0.9676341088523721
0.9703892716636451
0.9712966185218107
0.9757428853082621
0.9627147545011306
0.9776280145266233
0.9787568498061411
0.9680454127411149
0.9729117829998536
0.9669678192833369
0.9801719194992142
0.9757234898266266
0.967745009396663
0.977483823401949
0.9730426805798267
0.9727174744541466
0.9809060811845612
0.9716858076206936
0.9788498422565381
0.9703002792066353
0.9732558701958484
0.9670294928086118
0.9732950667664024
0.9594919670128066
0.9752431837938959
0.9789737374614796
0.971619199752463
0.9746110489948699
0.9774504653594899
0.9747717387709045
0.968411693933995
0.9787838422776223
0.9717125228082412
0.9786066812474397
0.9720492200996238
0.9744076986630835
0.9766670110295097
0.9796618661714537
0.9775827174058243
0.9791165068777353
0.9736642019528564
0.97889921492205
0.9688240869792178
0.9712346020232467
0.9784905553792045
0.9657423474669596
0.9693281114675942
0.982396169305651
0.9767617414003028
0.9762898620136269
0.9720125773749477
0.9819831142166746
0.9755393920208187
0.9696815150276409
0.975337654657627
0.9654442044573741
0.9780140556981436
0.9776431033149999
0.9817552749100613
0.9773448874696158
0.9704134071413928
0.9764995921128837
0.9721496971588105
0.966113927989602
0.9777904664640921
0.9736925282242824
0.9739038935160358
0.973251433194303
0.9783684481310728
0.9691205913379974
0.9706446098541678
0.9740603751694388
0.9725981967817853
0.9747671173970495
0.9746264235917269
0.9740198232156004
0.9778889034150994
0.9694588582301885
0.9857523679507081
0.9752418899582751
0.9672880446536751
0.9800509627680329
0.9740699003238964
0.9686175745703641
0.972806763883076
0.9750764754077943
0.9760191302523575
0.9746692820496345
0.9749408793240996
0.9809094795600813
0.9672309469492244
0.9753050108068413
0.9736136109142565
0.9787987382404366
0.9782328137372527
0.9714308393742781
0.9733678995646662
0.9757401249853108
0.9801937597967457
0.9705395325083169
0.978244578687243
0.9738501095299853
0.9723496313818544
0.9760799941250274
0.9728360784029088
0.9755317328278569
0.9717464714530087
0.9719887705994723
0.9715659856734216
0.9703893033863185
0.9715339236303349
0.9714523178848787
0.9735085249108285
0.9735103665026813
0.9721423166032415
0.985111843398185
0.972982203775026
0.9695844219989557
0.9742660093805654
0.9719918163139856
0.969247897426316
0.9784044555235899
0.9691739962409949
0.9701357316855085
0.9711016145337862
0.9783263843488763
0.9771916727387905
0.9720119990281644
0.9798264656375768
0.9631021072341571
0.9743680895777256
0.9712812355042063
0.9715112321244367
0.978247411153405
0.9781061380712968
0.9808668203947075
0.9739342468276191
0.9738818023980816
0.9652426091668429
0.9751610934861906
0.9798728038853552
0.9758656467818422
0.9774908978260087
0.9775112587047636
0.9744626763117453
0.974888661184517
0.9705379220176977
0.9749277698884857
0.9777620404389571
0.9775214300914621
0.9784968038008455
0.9710047775030393
0.975085252888971
0.9764031893289485
0.9782130072906636
0.981322399625599
0.9775061087890831
0.9700223906405672
0.974550558608055
0.97539496718454
0.9704468901950488
0.9734129115873599
0.970629699871589
0.9680945765860169
0.9692158408446202
0.9816189279796568
0.9697246918687015
0.9735181806428568
0.9822763648957293
0.9775489782642107
0.9680750114430976
0.9672348535086867
0.974173243740215
0.9775932721942943
0.9810612445161165
0.9695532833664798
0.9808496973662139
0.969937573388394
0.9828075071677356
0.9777150278017455
0.9662427820406954
0.9727941773530422
0.9769868180079304
0.9793808425644203
0.982177353723005
0.9803733279925341
0.9792489934540097
0.9748615690357844
0.9633683158440818
0.9728403975112061
0.9744873052175064
0.9686103163673426
0.9744044985344308
0.9744150821498618
0.9796077467517834
0.9686554218961979
0.9790560579583115
0.9707387935359889
0.9788530179316853
0.9682576213559491
0.967703522229683
0.9711030360606383
0.973209526852055
0.9726533445768815
0.9698567080512969
0.9782099292997143
0.9691443327358644
0.967668806435198
0.9723619677414232
0.9761433708265727
0.9727744629120757
0.9809414292228036
0.9695899163899337
0.9674510777168558
0.9704342558301357
0.9827509999118277
0.9745740427458062
0.9727147829007282
0.9649990843386383
0.9803086113759054
0.9795047847732412
0.9726040578752476
0.9748527587964025
0.9748361158143659
0.9697550443388708
0.9799263976601139
0.9740773275413271
0.9649512335318327
0.9734122212120588
0.972396780213993
0.9766623708966631
0.9611328717838576
0.9711572936445289
0.961552293155077
0.9834568309470592
0.96876203375083
0.9767642562965605
0.9590151725504792
0.9731097440805019
0.9740443291692895
0.9715444094845385
0.9812777388116088
0.9793829493087448
0.97954525452759
0.9745212309444637
0.9715807624517894
0.9573813746440341
0.9679120962860458
0.9756644720361405
0.9772570048122061
0.9785695615261887
0.9755604387808964
0.9717440948556526
0.9813167486353171
0.9791561434674868
0.9836115376099143
0.9768595697313709
0.9739271680897347
0.9825925566105073
0.9719500686201936
0.9771111069667316
0.97926067213775
0.9755940385156451
0.9764091135812796
0.9706886177551979
0.9665653060941946
0.9704571337750322
0.9716418028288893
0.9592666467012605
0.980460566735568
0.9716299319686624
0.9757664767388045
0.9723839111870947
0.9756410690352949
0.9713353108840179
0.9735881389999564
0.9744354808707809
0.9747695488235262
0.9725325594333233
0.9688527902452869
0.9777341935916263
0.9763038779998617
0.9686946741945157
0.9732499620136782
0.9771841731019947
0.9645426340067236
0.9692096661865781
0.9733802004231465
0.9727401170264162
0.9742474771380774
0.9791641303239157
0.9703498525695968
0.9691643535872851
0.9805319060587674
0.9718883677066025
0.9689246746399569
0.9648144670696468
0.9745424913231143
0.9714137427700282
0.9743471427971736
0.9726119323882502
0.9734928313487361
0.9778962903028471
0.9808122109708656
0.9701249481441173
0.9650719035334023
0.9832382878107647
0.9674603414916224
0.9723224845872493
0.9753098752229079
0.9718856926197116
0.9732997694085189
0.9704593964036321
0.9712345676150219
0.9630706279058149
0.9701652036091654
0.976348479925938
0.9802719103555533
0.9716523992327677
0.9711710599032848
0.9734984681791801
0.9735717327469681
0.9708570188554423
0.9694095230359142
0.9754973767273803
0.9769141917119897
0.9747871951525752
0.9755622330372618
0.9771218641510093
0.9649751939583849
0.9784715608331515
0.9808079811201756
0.9769699758264981
0.9728642262415239
0.9721327259542117
0.9745388149109976
0.9710241611819035
0.9835786559842964
0.9752392748375848
0.9764669454765575
0.9664852512157162
0.9750806360957864
0.972382996218343
0.9773189009656524
0.97272847106172
0.967331527406557
0.9800685458603129
0.9762983565441123
0.9816890713542886
0.9675183619756461
0.9772699494107416
0.9708857920034556
0.9738139333118802
0.9737395963148074
0.9754442479941552
0.975917365781289
0.9916227381160581
0.9818948877219291
0.9675268170988374
0.9783273471500666
0.9773178321559285
0.9753117158146668
0.9706549494642183
0.9704727605495276
0.9735360992815322
0.9689933077531029
0.9782331258705911
0.9747767803561315
0.9729072809575614
0.9717507021297211
0.9697807469398225
0.9720661062604562
0.9820994192377688
0.9659437697636243
0.9702817052763794
0.9645913628206335
0.9789642696237747
0.9743476059487741
0.9757070920342259
0.9656945277937287
0.9765397220153129
0.9770320617960533
0.9747350620322849
0.966625326421248
0.9824332292501128
0.97573750421611
0.9790356457332522
0.9717266785157029
0.9717197744579916
0.975190633665903
0.9656461178353848
0.9765950558769214
0.9723450320468913
0.9747409574481216
0.981390755482926
0.9749953708018543
0.964395709870102
0.9777972224342206
0.9640715340487519
0.9748512429594027
0.9719834148530638
0.9755883564904123
0.9819952784912311
0.972983787150723
0.9703863088318484
0.9769296578702062
0.966943328452087
0.974443739174779
0.9738741823068983
0.9670963725219108
0.9704257557902974
0.9818013095722138
0.9759912080381438
0.9705374181823223
0.9702449112512753
0.9767751467234951
0.9749371556251233
0.974123598833193
0.9752219631871483
0.9679775387934467
0.9759937026695767
0.9680328810297686
0.9747491077429138
0.9753915025944403
0.9868245740080369
0.9755918775557936
0.9742818564238656
0.9731957595971413
0.9744593510311492
0.9772321109382529
0.975497580365783
0.9713322401481121
0.9720375941613456
0.9773573125514434
0.9758054836627352
0.976090844680099
0.9741382455526512
0.9734236441133258
0.9666041210804699
0.9716550326803006
0.9854841024864425
0.9688376851740992
0.9780923983471934
0.9755761682896362
0.9690910157241137
0.9761868610769091
0.9683242430629115
0.9747891225783154
0.9734083257597056
0.9727046242554253
0.970387973285953
0.9697016836258955
0.9665425280173123
0.9713642149318662
0.9761791073562228
0.9759873041742253
0.9735552233485113
0.9740648093463704
0.9676053787952091
0.9713082049147395
0.9708075616252393
0.9809820291947189
0.9670976967246796
0.9757266479194525
0.9770592788525159
0.9773792308873008
0.9811052559424588
0.9818956521375082
0.9731120720682037
0.9709969055790361
0.977887146404963
0.9719765473769745
0.979282687677457
0.9690024151078798
0.9764980295947031
0.9797502121220066
0.9618815067056371
0.9719872985040309
0.9806785802009993
0.9724661822436202
0.9683631520563353
0.9639373672984366
0.9717822223742784
0.9663466556059488
0.9754474311987008
0.9782530785886036
0.9780375083207176
0.9788714690146618
0.9677031053337501
0.9764310523980576
0.9697336168215447
0.978691475939732
0.9794280639644596
0.9649868726361566
0.9788164575448353
0.9786091487204021
0.9713235290915724
0.9699159904414782
0.9686643038544315
0.9688018242823292
0.9762535381874442
0.972308845421971
0.972715115669116
0.9674065660698735
0.9718820139758534
0.9744061180051707
0.971416996672817
0.9776195508730459
0.9784625052166241
0.9712262592209131
0.9729065787207568
0.9669714453161717
0.9732793322011619
0.973469418457863
0.971769884233526
0.9749267906432946
0.9746962966389648
0.9728402355790319
0.9709401121335139
0.97265967719852
0.9777755747485882
0.9807028098650183
0.9792232586931915
0.9701134435014567
0.9710210292282689
0.983617378361451
0.971606607759858
0.9721736277741194
0.9703202157927188
0.9689709662043303
0.9689179747177358
0.9729449842365505
0.9807917698791251
0.9726006076440331
0.9700729831581283
0.9688845443279627
0.9722913827013325
0.9749104547593719
0.9789609416261339
0.9687640977473883
0.9715228383688769
0.9710858101420675
0.9723469842921955
0.9728442736372445
0.9745493616460601
0.9678335988129116
0.9769233989746892
0.9812407095505065
0.976743328955886
0.9755350753316795
0.9702675632004301
0.9724449666418927
0.9775929416468553
0.9746153599590878
0.9698076883678557
0.9725736117117522
0.9703650934913409
0.9731066582308273
0.979395429619585
0.9736706542858499
0.9645631717887235
0.9725067262341758
0.9703968595705007
0.9669794022107415
0.9663596547156724
0.9642391253783391
0.9732741382816783
0.970674579748991
0.969731580320578
0.9624551362486603
0.9711710639664624
0.9687157414672244
0.9784976222910103
0.9762249792196881
0.9796213696546643
0.9843973914381149
0.9673520630006134
0.9817908187685517
0.9726751872178667
0.9817331163617485
0.9779743974877533
0.9739388695280743
0.9725439211033552
0.9696094001762906
0.9721763998511282
0.9789582812952878
0.9719444474603701
0.9792085349720623
0.9736919081079703
0.9728555202470184
0.9657843995813793
0.9710322664541262
0.981599301870307
0.9738176030245935
0.9776928057056455
0.9770182447294582
0.9695696113759957
0.9814171506249163
0.971529421247358
0.9717673777583532
0.9660570805810019
0.9700545755131158
0.9791300200330163
0.9764468109507382
0.9726801226492365
0.9716289110324078
0.974131879300815
0.9626043703161413
0.9692479784354334
0.9674944562175987
0.9761552467396041
0.9775024943753727
0.9763203241041443
0.9747202426616545
0.9791053298218338
0.9698458150080032
0.9739403675204846
0.9789360434644765
0.9705485033049726
0.9710708074169809
0.9759920067164465
0.9670030950653611
0.9698026912120346
0.9764628670327098
0.9717029071691294
0.972893194241597
0.9766268190746126
0.9694727347419434
0.9665496237430907
0.9753206410910352
0.9758993599445326
0.9718318655272293
0.9707173251208756
0.9762403975866921
0.9755651160972542
0.9734609106211101
0.9713331938624215
0.9684478230483027
0.9652774692083179
0.971368632420511
0.9759575256859144
0.9770162940911203
0.9737960852174181
0.9645609051710914
0.9784792430446251
0.9754978369133523
0.9778557108927611
0.9744983316962025
0.9731512169332197
0.9732961232351511
0.9684387670018617
0.9768919326266343
0.9712210964635107
0.9735163208878297
0.9786304011256434
0.9775791046872284
0.9762204716133963
0.9763980532561394
0.9733009591247136
0.9709240025501064
0.9711991025370545
0.9746365622863057
0.9695450266908225
0.9776919988157845
0.9747419840087789
0.97428898481598
0.9750638574216631
0.9714426490750746
0.9708404804614279
0.9735458729083324
0.9687567800780875
0.9763078227146739
0.9695285340821883
0.9691667213636846
0.9804319975100737
0.9749432689277121
0.9719719674069198
0.9804659035506821
0.9711843765112083
0.97572750555721
0.976483571492784
0.979896787479854
0.9808399810429325
0.9725280175847654
0.9708358457803796
0.9774822421803873
0.9741053933025268
0.9748185905589186
0.9691457912138547
0.9768269443036244
0.9719693299349398
0.9784727755785059
0.9767487710499927
0.9669517768051871
0.9812761621910939
