0.9325659776205502
0.9902151378920231
1.0066835817483515
1.0150083543135593
1.0082211327789055
1.0263023676015373
1.0159152491894283
1.016750377558507
1.0196910224855562
1.0225670630087529
1.0175801107357838
1.0088306089458359
1.0312703007712098
1.013483538748084
1.014924912758628
1.0244516075360706
1.0192123970450275
1.0211965978274402
1.0091555598572433
1.0170211804275633
1.0138170643991908
1.020282315657279
1.0108184095210693
1.0150976702724577
1.011370153600769
1.0264781893875934
1.0261967697348526
1.0128357000692794
1.0176849005227164
1.0092222796989372
1.0156159606794244
1.0277845715686795
1.0159154848343972
1.01516164137888
1.0160232765620667
1.0239809754066262
1.0169437198752818
1.0210957546050614
1.0221845726871515
1.021265373837955
1.0193481348184898
1.023292492540627
1.0232928979316849
1.0119178296466358
1.014151652982204
1.021247455565658
1.0101149854996578
1.0104132555495342
1.0125407919057878
1.02040662856629
1.0203694212305348
1.014685439152876
1.0149377015070384
1.0156466447788757
1.016386963628754
1.0219656791019882
1.016274807527028
1.0262280892315694
1.0178881895309804
1.0096254845661576
1.025366282830339
1.0189210915134603
1.0277114499550266
1.022469350864577
1.0092256147059961
1.0267925113720529
1.0114630636789312
1.0267112547980646
1.024677036372103
1.0160436524123977
1.016400392144725
1.0123004277184908
1.016899364016631
1.0229157785702985
1.024771527140974
1.0213050103851058
1.008974547711534
1.0140732617860124
1.0205616952421586
1.0151860887095518
1.0178319626552415
1.0175260484944237
1.020412386034659
1.016279783279156
1.0203332622750243
1.0120480402521546
1.0152523123442219
1.026247148272323
1.0153874645517278
1.0103624769207276
1.0186736841479502
1.0242218027953733
1.015738045960993
1.0222551842846441
1.0231613372509087
1.0231419808777258
1.0239114794464317
1.0118553389707183
1.0268048504514782
1.0145146390691004
1.0197695724343927
1.0230719937690942
1.0225231332409492
1.0245037858683925
1.0186715817007743
1.0168658272028057
1.0234561696085567
1.0144622749162977
1.018707229180315
1.0153468107870058
1.0161925234556057
1.0283514918044092
1.023613463037822
1.0189935566022224
1.0164070959270792
1.013444640890197
1.0163354319296753
1.023226826546581
1.0245049270551907
1.0077304946309096
1.0198413758592166
1.0158729951944419
1.0180378962428647
1.0133954699885688
1.025346787690966
1.0178629132069996
1.0215796390604157
1.0135033255985042
1.017681409849932
1.0307828623943218
1.027602805554173
1.0207189416230888
1.0177450077693793
1.0225608735279437
1.013049798969978
1.018288637668495
1.0267045866406266
1.0218605114588235
1.0207904809136827
1.009436328806933
1.0161094513214957
1.0257120400006807
1.0162330393871781
1.0168758100100526
1.016884547675188
1.023757242880296
1.0155431866165192
1.0155694039169338
1.022780124378515
1.0258080886718863
1.0187197244594992
1.0197555850099027
1.018533925875153
1.0261615566566005
1.0262045434566307
1.0188762426739768
1.0190000168486777
1.0158054114352237
1.0231757929784548
1.011413586400114
1.0224585077132426
1.0160196335145357
1.0224578508732334
1.0109588963502598
1.0247972089359596
1.0228062007137084
1.0148551425614267
1.0200364699272253
1.0159608028117846
1.0215056205974822
1.0166498350442388
1.0149736263616522
1.0150144316485663
1.0235406322482554
1.0263890648257175
1.0207712394057213
1.0115606444903649
1.0180412026990555
1.0136324009684659
1.0249830737950163
1.0276696380427306
1.0168092537171067
1.0177679491587024
1.0215585624020134
1.023261966247774
1.0235369690576672
1.0269387073358416
1.02035348050641
1.0169762691484625
1.0165128521661566
1.01789092105933
1.022726217678904
1.0209943674635609
1.018530001699645
1.022748694176334
1.0177120517618046
1.020409095724409
1.0201708336149249
1.019024731896359
1.029731601470036
1.0193830790972886
1.0168663147402297
1.0196062863919582
1.0186194764240155
1.0186776475744654
1.016584798927622
1.0185908342435515
1.0176192993399222
1.0210953157802205
1.0126137568895588
1.0257921895411866
1.009556481713166
1.0186062654888397
1.0169902745961583
1.016850586463532
1.02024189912749
1.0179815607832465
1.022082152336461
1.0177165772623988
1.0201731593347434
1.0218272738140328
1.015890612029858
1.022788793851413
1.0180766288616538
1.0162486550504097
1.0220601419507327
1.0234851077821852
1.0127117296119175
1.0210602269477176
1.0178859671225085
1.0251772211340187
1.0175068472196278
1.0244016617008997
1.023612484422673
1.0163465325155552
1.0122252524255706
1.0139513874419406
1.0204406366027472
1.012838871483244
1.018788164025361
1.017625753295391
1.0096466908291408
1.0274301346076056
1.0174964289313717
1.0202575698397396
1.0125355909746159
1.021186602953982
1.0207439081221505
1.0125548738582781
1.0081683993230528
1.0186142785098578
1.0147482314443448
1.021655085826628
1.031637329279217
1.022082377092724
1.0158637581166416
1.0233149900782108
1.0184346390611958
1.0264033920816424
1.0181205168554606
1.018696333658101
1.0212745345293481
1.015348576398942
1.0224366605652258
1.0143337348138441
1.010163271407684
1.0138908756007183
1.0279473717211094
1.013506742073841
1.0259141366095073
1.0118046758912806
1.0241748887954512
1.0252994859962514
1.0320535562283895
1.0196085302193671
1.0239644657077989
1.0207608728870494
1.0075530363792065
1.0183044244089838
1.0166353475789935
1.008376885409936
1.0181919807605582
1.0144747098710167
1.0102435356488597
1.0182761542363377
1.0218938600385625
1.0202785537408026
1.0152612338446871
1.018697738315555
1.013034851878885
1.015266346535274
1.0194034954300313
1.0234325101587431
1.0136579502636474
1.015489385480131
1.017656957983952
1.0202678995543206
1.022948080913173
1.0260131655756244
1.0164161559886742
1.0151073673187012
1.0182286036361143
1.0169743866603627
1.0161674429620633
1.0122886739865835
1.0220924720715452
1.0206911221921222
1.019228508698251
1.0176468584848906
1.0245475197720715
1.0283859076567798
1.0150304561906798
1.0247510286907595
1.0178558633374912
1.0224820398473995
1.028007242607309
1.0219056315255957
1.022798250361716
1.0208865906952251
1.0200975449080742
1.0176580110885354
1.0189342440036218
1.021033601836881
1.0225958589938016
1.015084665654715
1.0194866276921577
1.0201009922322188
1.0180643751482106
1.0265926351243606
1.0109766007065797
1.0172593296866073
1.026182347187223
1.0190608944442752
1.0285607629697746
1.018175089124746
1.010980157814629
1.0127983954946045
1.0198417410242324
1.0223729059183668
1.0208330510158
1.0177218569685043
1.018577202271368
1.0222764736438978
1.02111013933915
1.023546464351124
1.0201579922166373
1.018291245706171
1.0199652088557172
1.0207103597716103
1.020719718003996
1.0257486488534813
1.0243395610525017
1.0229984931918235
1.0225641395412128
1.01679256370469
1.0180578078725957
1.0172538708745107
1.0249346184618375
1.014125711031654
1.0251995493292436
1.0142972461669293
1.016181585733248
1.018262452859531
1.0209200282566184
1.011684202383173
1.0201171153354749
1.0220505529486155
1.0166817534744752
1.0223099909292244
1.0152203463411575
1.0193377519093838
1.0259364558659867
1.0135129032627261
1.0168781863956433
1.0223343348222809
1.0227176880210522
1.0211497984015312
1.0116216221740981
1.0278320044752536
1.01818400438532
1.0136461354641249
1.0187452047748031
1.014822430782928
1.0190086845291335
1.022707091477075
1.013744896745509
1.024638082465526
1.0167286888533436
1.0206672290426761
1.0189674835086566
1.0189685926811118
1.018819331495543
1.013517820079294
1.0167206325014377
1.0190522984144696
1.0192419348358899
1.0242027688873094
1.0174371760374774
1.021330675781297
1.0161703275464475
1.0297081028106805
1.0180714940526165
1.0205694909694127
1.0216165389540117
1.020237227629614
1.0172697229317726
1.0230432604751922
1.0201295083512167
1.0226622820403777
1.0181438146059565
1.0129918880784117
1.0220593722154991
1.015828633130598
1.024870504296522
1.0135242091499177
1.029369580953964
1.0154266411602566
1.0197399386999126
1.0076629179629288
1.0173579498814465
1.016461750014703
1.0179382982099556
1.017695556977235
1.011084043491566
1.0262094916340831
1.0203958189091518
1.0158672485961042
1.0223776915084164
1.0178498225278292
1.0140276370146428
1.0241849492057273
1.011238666775229
1.0205841780895832
1.0168519793981408
1.0226198092592904
1.016474014976786
1.0201138467221358
1.019692434803904
1.0158354501073505
1.020979381498627
1.0134674470023202
1.018647393926258
1.022477574172677
1.0184107682695578
1.012873609601403
1.015042576112846
1.0185330812010773
1.0154317469977052
1.0264546922407358
1.016765552499129
1.0157746886726353
1.0174653532520939
1.0199537673194334
1.0246170863321353
1.0195861458636075
1.0183171718976927
1.0232710599154398
1.0174181169111143
1.0217300766548352
1.0199363039260125
1.0189339860696993
1.0217277080241909
1.0095268080248545
1.0161564836187928
1.0188289903112455
1.0207052910786203
1.0257213700342864
1.0197825747465505
1.0226710161854338
1.0186159823325998
1.0111966117473237
1.0296130440585385
1.0226764229403065
1.0244626733962447
1.0250232496806373
1.0123987275207789
1.0193944997581328
1.0146355582603022
1.0216866613586828
1.0205125822154038
1.0235476515424613
1.0071845819393788
1.0273548755942397
1.006688297551681
1.0068655844797474
1.0165694308793731
1.0119886431669245
1.0195666346156993
1.0127561495691795
1.0192543535126874
1.022516985823597
1.021691566671133
1.0244589007414504
1.0156836673452565
1.011435411305139
1.0122304179044115
1.0121837692688778
1.009910313347075
1.019497322949292
1.0155730725491956
1.0177468703536214
1.0169087291574082
1.0105509901173686
1.0139245327966846
1.0142904808004987
1.0241252277096513
1.0259706427087565
1.011813198891643
1.0115086917386356
1.0216563056210324
1.0203906173572677
1.017005863810263
1.0204437735310405
1.0226966469761194
1.0172303530949913
1.0171333319736482
1.0143523663347982
1.0182939469200396
1.0228997895229073
1.0173974977124483
1.0210011965139927
1.0141146814717088
1.0148686116642862
1.0237993997018873
1.0235644344216281
1.0294317120798806
1.0168498788937368
1.0263840357038112
1.0225062535186706
1.0201789096840599
1.0151016110226245
1.0169201520999103
1.019140891513389
1.0281023979259398
1.0250401317110378
1.0261295378702018
1.0095393438907783
1.0200072532788618
1.0195051377961248
1.0164809174070437
1.011895672627166
1.028591275589901
1.020923391604657
1.0222436103364982
1.0175442449147982
1.0175451939590812
1.0137078060592304
1.0218751627139782
1.0226012980903556
1.0172166894174692
1.0275184172105778
1.0190616471813223
1.023632725899818
1.0189616705786484
1.0285595440269797
1.0238462929533632
1.0110618236295856
1.024044547423683
1.0221861519479984
1.0116266180754523
1.0209768453556758
1.0144712461749283
1.0137452174322206
1.0237913143551884
1.0126196348645276
1.022230232426946
1.0225577214690553
1.0255188661982166
1.0181299371756416
1.0299714234274184
1.0190845853295876
1.0307216815928277
1.0161044797293561
1.0275903544032783
1.0216931864675647
1.011437855754618
1.0195303942719824
1.0203757178630517
1.02688752286979
1.0200079347933875
1.0176553973345464
1.012882239448397
1.016933626415325
1.015970312306193
1.020396230149726
1.0191931109247316
1.0205165956358437
1.0116690054548718
1.0237060341223165
1.0251386464468972
1.0220540060624865
1.0248876835703826
1.0203643471103883
1.017667314775323
1.0219818986976799
1.0184452906102128
1.0226459129232237
1.026618920786241
1.0177966771913274
1.0273167621401138
1.0169061876795384
1.028291106021705
1.0141714884309703
1.0140495889212722
1.0185094532618846
1.02123244846632
1.0150903905676667
1.017517350264734
1.0244108144266426
1.0225166290300294
1.0224541186343716
1.0213363393249293
1.0182024100285187
1.0235014285063837
1.014642548209927
1.0176302795332879
1.023354132277961
1.0231863642512542
1.0173210011889389
1.0177351396217058
1.020500042801785
1.0140036392726768
1.0235453824556502
1.017890217741923
1.0277491217042325
1.0117664002020366
1.0177921407280652
1.0235105730522727
1.0169537147398118
1.0190098724926588
1.0235907824887673
1.024097713327564
1.013911057305401
1.019505320897107
1.0251118600546312
1.0158086366203405
1.0229790966527956
1.009716761093638
1.0148110956042633
1.0211266117338325
1.0142917552393826
1.0294398809867853
1.0226179609161739
1.0194170387249917
1.001468586588819
1.0117940762604272
1.0204371064972202
1.0248938158619183
1.0228299431337777
1.0194711377133394
1.0172083744318294
1.019781810018851
1.0164761806104798
1.0200095136049483
1.0227294055519671
1.0165210368768893
1.0247413980721543
1.0242777179829823
1.0131094910390979
1.0184586256480543
1.0181230221513584
1.0169766373915954
1.0263531546994957
1.0152800370373385
1.028775697289427
1.0205329959203315
1.0151506133672945
1.023021485660104
1.0199138134604868
1.0204877313535672
1.0223318655346776
1.0225259242380107
1.0243782459954125
1.010265594658698
1.025425282540063
1.0252324317110608
1.0192490972957713
1.016923556931771
1.0203991755665862
1.0208536150777643
1.022499021225868
1.0173690931438035
1.0118836953847772
1.0203134282077295
1.0230781612521032
1.0162158038578322
1.0254329221540863
1.0148830968227902
1.0193191095642489
1.0178616015234183
1.0229537437170872
1.0153656381063187
1.016100021869575
1.0137180926819402
1.026028853108785
1.013161594648997
1.0168481017880329
1.0195389625572902
1.0217737864608178
1.0222911616830876
1.0139488481693872
1.0220975329960864
1.01479303378449
1.016234758235832
1.0157596215562947
1.018792882300074
1.0138595953100176
1.0148934091999755
1.0115836113083445
1.0132241899963468
1.0128341815702628
1.0255908444937318
1.0103240052522415
1.0153363704081648
1.0303035946869081
1.0220564043663953
1.0122398648212896
1.0113258677817811
1.0181861962726246
1.0187481433522678
1.0192900416841624
1.0189269517129873
1.0174749872156579
1.0228595419326367
1.01992248497713
1.0117818891475792
1.0168735556402744
1.0142910910554708
1.0206443800589675
1.0165775217770914
1.0150665503331298
1.0221969389000676
1.0151837336408767
1.006837557749555
1.0240993715664348
1.0213125079197507
1.022129684049862
1.0112913940338324
1.0244600292561086
1.0177275507016155
1.021067646352519
1.0212869809511798
1.009694914391709
1.0086571478186064
1.0137516380757583
1.020676340640522
1.0172344744115032
1.0145490259154606
1.0211238852191973
1.012913554112952
1.0273557015005115
1.0095569535334525
1.0209329096285882
1.0202007686763466
1.018199296152913
1.0241638597593317
1.0183427642869949
1.0156285891939887
1.0209295547325745
1.008005364151015
1.0199010457208786
1.016259744125961
1.0226609907318263
1.0219032821568805
1.0193099513355224
1.0195157682152967
1.0124744167682949
1.0175662504071452
1.0138101371030102
1.0181969207555952
1.0107150242851115
1.0146472081446625
1.009898508396016
1.0182308152127453
1.0257495169588016
1.030508633906741
1.0219731094791973
1.0261328701597499
1.0157426326944983
1.020759059585773
1.015694983596668
1.020357703227161
1.023719423662005
1.023472073421469
1.0295367528626287
1.0163960453174485
1.0264055571524007
1.0235794520899921
1.0197109478091588
1.0174216097539746
1.0246836134538275
1.023722375213972
1.01943516789231
1.0178506030678935
1.0231916297306096
1.0142343504880322
1.026240861003627
1.0125784180658404
1.017208631951504
1.0154568013934488
1.0218945367907804
1.021565136487725
1.013401624945359
1.021746939908031
1.0157082372415764
1.0294483857409924
1.026113451491812
1.0136247351847367
1.0090520329816337
1.018655973343776
1.0200755343760342
1.0121631142465515
1.0190347364838306
1.0199636899472493
1.0210046827093628
1.0099106537024258
1.0187655700010014
1.025560721280661
1.0214356179501023
1.025714270867738
1.0196945649495115
1.0242887735480781
1.0168251136301476
1.0142364986670267
1.0180356223031588
1.0148701974473264
1.0106995016843023
1.0151226158849127
1.0209050875725167
1.0146161388279253
1.0121609935067244
1.0132925017172332
1.0223686459080479
1.0176039296960109
1.017675903309225
1.011029696360787
1.0150502978687688
1.014678584025225
1.0154296020270652
1.0226332412871113
1.0176139224311294
1.0204966415361336
1.0142579302656627
1.0249440562030463
1.0247336037500685
1.0279726518622803
1.0264087899869134
1.0140267378321208
1.0154676488508343
1.0183497861360922
1.0205802940992406
1.0234856391232159
1.0222421597991627
1.0163367949148803
1.0203310503201257
1.0136082886370295
1.0111996882628462
1.0129624972379323
1.0220502978905617
1.0223216202045278
1.0166474339483011
1.0125518299317606
1.0102882365767163
1.013236047606832
1.0190942331785289
1.0100272325360449
1.008893362327055
1.0224596617738029
1.0172688919369575
1.0287675000675442
1.0188424858598866
1.015861246235897
1.0117825113940775
1.0169891204627115
1.0103863416009302
1.0284115183038474
1.0228613042453374
1.0264709659982985
1.022213950332806
1.013653085499541
1.0076757986739666
1.0159989254746664
1.011065993395726
1.02026237105551
1.0147696293556918
1.020708860158564
1.020411463595596
1.0159022218800615
1.0300059867621771
1.0174726369471325
1.011626886699365
1.0228203967302665
1.0197889377843263
1.0116500183240091
1.019633872729342
1.0208476886721072
1.0217029492443939
1.0232543069689581
1.0196048831291218
1.022192942349224
1.0211936104628443
1.0119375674536795
1.009987009533064
1.015075115733288
1.020411351268508
1.0201821795764112
1.0157794823022093
1.022996074548629
1.0208986530140787
1.014286263885137
1.018779761721047
1.020232731828643
1.0221207761521196
1.02648203912623
1.0237891232003202
1.0112649257653743
1.0190817467034679
1.027157754823442
1.0185280092035165
1.0195747243242548
1.0209911054426617
1.0192525932183873
1.017622272536874
1.0144640941807384
1.024257163205946
1.0224051031455514
1.012408862220666
1.0191751902416744
1.0079375169789127
1.0172891174755105
1.014343934514937
1.0151527561919182
1.01547158425048
1.0234750151284457
1.0282567868673382
1.0189540304337301
1.0082777396270446
1.026713612867424
1.0133345566522283
1.0202720390903925
1.0147431010335966
1.0231515171093686
1.0167035932907709
1.022633187665387
1.0186434914325737
1.0140166630049778
1.0160250860381255
1.0181803321962035
1.0172778134720668
1.0157667110725679
1.0189297729200846
1.0206741487097322
1.0259627084976854
1.011630727018721
1.020609104840851
1.0212599549236567
1.0156373332301947
1.0100227795748646
1.019057838996933
1.0149448092310596
1.020645984843782
1.024061061888187
1.0080936396931484
1.019680009849402
1.0205861640525906
1.0276188511603006
1.023730846933925
1.0160524614948931
1.013140858000716
1.0192301718038508
1.0275593037865334
1.0180904070205894
1.0187820385482769
1.0128433635977028
1.014381296897435
1.0178870853973738
1.015913899200766
1.0219729967907747
1.0233027452256578
1.0196877955376706
1.0205158674787276
1.0050272895737868
1.0169266732059976
1.021955134311522
1.0230637661208946
1.0165701608743392
1.0127119658612331
1.0198608441663044
1.0185732901025355
1.0197357279076078
1.0195748075653497
1.0179670679554973
1.0141388896856947
1.0124096330704657
1.024032134405598
1.0107077363196924
1.0158246541958698
1.0206625506793825
1.0255750611844054
1.013850336257401
1.019766447708195
1.016026973390127
1.0161905384116343
1.0245335756664875
1.0165244326963205
1.0209086595304067
1.0239434352366241
1.0154469226689649
1.0223600481557265
1.0197607836916274
1.0237026859510387
1.016937193482879
1.0215502807843964
1.0257893328756722
1.0245289432096947
1.0207656310871382
1.021011494821359
1.0198268866604916
1.0155661364314192
1.0149632859201962
1.028067120538445
1.0187051051611387
1.0253697705361544
1.0228465609898436
1.0127809876642504
1.010386498016286
1.017727275134019
1.0200581246764109
1.0234656359878624
1.0135357901574067
1.0198100535912207
1.0162901603177306
1.0156454467954557
1.021497623614578
1.0251663801406627
1.0202304596012783
1.0221349044600012
1.0207853473033313
1.018833828568093
1.0229028878232278
1.0141503939707526
1.0223749925429684
1.0206217476166979
1.008182099388694
1.016502920787072
1.022539276097709
1.0168506552729801
1.02189995181176
1.022025303067303
1.0118381992991758
1.016887617932224
1.0282164157993208
1.0218872556730336
1.0176620963321719
1.027658465308491
1.012581071510506
1.0178621026004107
1.0093577720135474
1.0221930481133656
1.0212028711886891
1.016831679633958
1.0232563537944472
1.017425058977661
1.0215117145135661
1.0141085246804333
1.01879826992049
1.0161033314260515
1.0217967583248333
1.022213920084231
1.0182921335258672
1.019139989276824
1.021234867902021
1.0207616913867346
1.0229257560587628
1.0162343658685056
1.0159381244949437
1.0211627861960302
1.0099473724166328
1.0076847193084122
1.023341442426038
1.024880761533697
1.0226046684782608
1.0227822804969258
1.0110569273319625
1.0193306838027405
1.0201552128186973
1.02571377149862
1.0135433846052444
1.0208649111072416
1.0261111910620762
1.0163605769659043
1.0167778964011347
1.025358859050977
1.027397550779269
1.0172023771938588
1.012351644715271
1.0158237732375133
1.0147576761234924
1.0066455458489851
1.010842234309509
1.012447497968666
1.0185184133003495
1.025428663930655
1.0212569016957143
1.0251684366747138
1.0175308440469484
1.022950912250101
1.017332103427283
1.0183585531120887
1.015185583042188
1.0097799112503092
1.0175666083126702
1.0221203128652205
1.01654222480539
1.0191297616745718
1.0152151827486489
1.0241747808905948
1.016840937979219
1.0197268942058575
1.0221582051059743
1.017465884191048
1.0263552997481966
1.0113831597670782
1.0227859170725895
1.0230567150255443
1.0212661023881229
1.0232713667763549
1.016829523152957
1.025656420305461
1.0266373136344866
1.0223298904804443
1.0189006580956141
1.0266414468950802
1.0219305299988248
1.01653330883689
1.023428432303348
1.015579442348648
1.0180999799118913
1.021573633414209
1.0195700206012512
1.0146882346742003
1.0275166588294933
1.0279669784613659
1.0226380438025535
1.0178994932341343
1.0190474014208053
1.0193523328811327
1.0174448825277493
1.0213049437538815
1.0173419617735933
1.0267067257547646
1.0214546934604132
1.030368981672905
1.0163503960630367
1.0209152660226775
1.0163367332622666
1.0129971958744364
1.0213596439894685
1.0171662723778119
1.0137837786890171
1.0203052189722226
1.009325745072986
1.018227738147942
1.0183809149095393
1.0113302733287333
1.0174882902625972
1.0141497580857342
1.0257841626320616
1.0200973931213084
1.0172710808547634
1.0208331436990643
1.016966030322325
1.0187770349630272
1.0087709466632502
1.013079397728946
1.0236095429977448
1.0232683990101563
1.0101266482034628
1.023762557387671
1.015243182476205
1.0115160649527448
1.015238588711164
1.0176800212785042
1.0125479643535917
1.0141163752903242
1.0203933733295254
1.0234960218356224
1.0128543417126894
1.0351524741985905
1.021577537145368
1.0180961306635175
1.0145911484968988
1.0205761978731234
1.0178479722371605
1.0138874134217621
1.0288864294421534
1.0209174048460716
1.0154780212395709
1.0180356829939945
1.0192319065214623
1.0204767590531445
1.012756405149934
1.0086734611452428
1.0282865795167402
1.0230413414588653
1.01776547533757
1.0254160669000667
1.025815406850843
1.016139333007296
1.021659882712264
1.0174393203081424
1.0152593253980646
1.0200314316929155
1.0313550810107124
1.0214318939676044
1.0191504639982363
1.02092847750786
1.020325741037184
1.0182574406620442
1.0134616239611804
1.0171800721782676
1.0133956510290436
1.0223946356275562
1.0192117050263327
1.023204044162656
1.0152247036082542
1.0113628904550522
1.0292512980169453
1.0095882893985895
1.0236456234348787
1.0285480980758648
1.0183300089114182
1.0106395749211963
1.016030242008937
1.0203070285276858
1.0215899111214117
1.018553047707239
1.0212486736114952
1.0153895547602767
1.0167023327280116
1.0226667946162076
1.026676660531053
1.018161895667207
1.0136614339668204
1.0215437948036554
1.0166139331784128
1.0216608701332124
1.0164124775391374
1.0219119348129444
1.0248130270418758
1.0161596220912459
1.0180673972286192
1.0164517237280961
1.0212887332368852
1.0149249765742152
1.0132992029976122
1.0215272969185187
1.0266579414253798
1.013432160205571
1.0232182949534128
1.022508218331301
1.018579140499446
1.0221201973786815
1.017690857898476
1.0164155073039571
1.0151449167444289
1.0184395053147757
1.02673550651385
1.017649848860544
1.0079975775587129
1.0252606520102732
1.016125881271013
1.0166229780033789
1.018132619477692
1.0186413965425432
1.0162134393323026
1.0158834736740496
1.0187586196552008
1.0193804189743683
1.022972193268719
1.012325161153801
1.0244436733444906
1.0134349728560759
1.0261649178609602
1.0180690477718273
1.018619666447512
1.018705803758999
1.01256840750542
1.02046088272701
1.017050973070301
1.0087400256714107
1.0187796425086306
1.007251133709168
1.0084225901717645
1.019458075838941
1.0351912532232097
1.0210088417606893
1.022015663736621
1.0221293960192077
1.0159870249889116
1.0174791283249802
1.0198064903470199
1.0223732767463358
1.0231415934175083
1.0233100895791927
1.0207162061258819
1.0170841273536673
1.00708517340424
1.021998552873663
1.0309840309059295
1.023316633342189
1.0265997221746879
1.0236729841954564
1.0165095444301866
1.0174279184943413
1.0167640203498536
1.024364594772947
1.0149990705123404
1.0180548942394019
1.012904702547961
1.0176552739564333
1.0209891652173755
1.0278383625350926
1.0144219651859032
1.018770909803293
1.0186505828298371
1.0203261908859365
1.0201328975894768
1.0240725246027065
1.007449907327399
1.0231880816397747
1.0275197222843953
1.0171103887457564
1.0212245226963004
1.0206575708133705
1.0175811021899153
1.0172673332558433
1.024114432510836
1.0084063295661658
1.0173600091023347
1.0230938899112498
1.033654058714676
1.0110165670490951
1.0241881883834476
1.0136926037762692
1.0296096265108634
1.017960380427147
1.0153447025067324
1.013917642126563
1.0219528637768247
1.0190943218393111
1.027106469544547
1.015435205774412
1.0225823899309616
1.0183969377627504
1.014202539267731
1.014280330087056
1.0161549188622692
1.0245104255011723
1.0213488462572917
1.015940264980868
1.0252598124445644
1.0203972275789088
1.022065871387865
1.0269062966822577
1.0141935426750313
1.0107185310540592
1.0180990932977152
1.0241014901080798
1.0239791289654177
1.0218073107268533
1.022140716957387
1.0125324749328755
1.0163926266061096
1.0192729448619717
1.015942709331084
1.0184940143675054
1.0222202389079869
1.0200222496356444
1.0174033421698003
1.0175638139913417
1.0161723021277786
1.0145830718667723
1.0215722756378964
1.022091175785826
1.0199398558347923
1.0130765422547783
1.0144836821507686
1.022631869543701
1.00874737471228
1.0146696295225586
1.0155275266825943
1.014293495414327
1.0206086233240017
1.0169602411518084
1.0123705599996773
1.016711845047979
1.0175801778662787
1.017525717203992
1.0184701225265302
1.0164004271639342
1.0088916360357356
1.0240138595065957
1.016991120133808
1.0271926426111737
1.019621354388349
1.0144681725269404
1.0207261561697616
1.022200072045091
1.0214189099813078
1.0217342279908352
1.0199974387978785
1.0164196389663591
1.014362381465244
1.0197520562698692
1.019193695106674
1.0242990095490776
1.024291851830948
1.0243489373513055
1.0203281613544655
1.022923148678782
1.0155236044672593
1.014661455288342
1.0246571489465532
1.0184478209223051
1.0171036523861658
1.0230566272499715
1.016726202225288
1.017742071855357
1.0240770713729446
1.0294735608655738
1.0233165913774702
1.0219035139296926
1.008351800733928
1.0161460200183932
1.014884582419705
1.0188870579112228
1.0187418161459734
1.0140383545085345
1.0097798715322581
1.023525756208545
1.0228232147022251
1.0243251552367076
1.016488076285877
1.0244275814633992
1.0225710063352307
1.008392766950156
1.011961640423754
1.0213855878477438
1.0230251065423106
1.0102770614048862
1.023416699285491
1.0088073951191407
1.0246170334509783
1.0199169050591346
1.0161807322375151
1.0155464297536692
1.0131717704824568
1.0164393281458783
1.0137582865445758
1.0167165816353458
1.0193330930196594
1.0192079964377918
1.0198309547044575
1.0163835431575134
1.011876388433486
1.0145035733400087
1.0113392199457507
1.01509849899275
1.0221528843982577
1.011244711628214
1.0147287855769858
1.0187531309366389
1.0124825455331918
1.0165239424990722
1.0179243278282393
1.0229268619291298
1.0144458542414452
1.0205946630848712
1.0245549251818633
1.0192221242566397
1.0110337688519742
1.0218593947599237
1.0234856427565024
1.0136325509110926
1.0253075142806198
1.0228852781179152
1.0180135598051303
1.0123636919823185
1.0169602707925882
1.0184992131849622
1.0204990651483856
1.0201015810229979
1.0193090364194823
1.0206863676385372
1.0216222888126714
1.0189978928726957
1.0231516395438323
1.023043007941842
1.0142410512180697
1.0209254947427948
1.0158725675049005
1.0200630894223732
1.0241139196162963
1.012886227751475
1.0142855589093112
1.022270995082372
1.0273509318111687
1.024040669580124
1.0201036928871938
1.0243814950849954
1.019023948793325
1.0137084480160545
1.0253753894110094
1.024017544511233
1.0150490097893985
1.0222136810496611
1.0211230314873625
1.0129590091239544
1.0218589148915094
1.0196291601225695
1.0174640117937594
1.0249879828282809
1.0180383187856101
1.0236129670600604
1.0209458773601865
1.0127004941880249
1.020885621746925
1.014628914227978
1.010437322684006
1.0165524963562285
1.0154631635193667
1.0231129008299369
1.0189000204098317
1.0253366963453265
1.0182360417019902
1.016606531858556
1.032380980392655
1.0140378311359044
1.0168533463031775
1.0160123627672848
1.0144422239029556
1.026080198111639
1.019864414432298
1.0137447508542787
1.026714636510401
1.0106989353548665
1.0134509352870797
1.0312208978943376
1.02057542559359
1.0087707043081593
1.025264053672098
1.0173618113882816
1.0172973177427915
1.0194913289522474
1.024323539950063
1.017686211985054
1.0201513552461519
1.0109246239550458
1.0167746414728556
1.0200050897362478
1.01406905532046
1.021859010415895
1.0169515951362922
1.017823638554238
1.0224211448335037
1.01224519962562
1.0172324867469025
1.0160114094405854
1.0151810588821757
1.0153314622798004
1.0199487879724567
1.016768186900087
1.0171425881171203
1.0267980806052173
1.0175697873129999
1.0049658071599807
1.0204291637075833
1.0167066509063518
1.0251287402537534
1.0197802347572507
1.019460070656516
1.0237685027987096
1.0234251593902643
1.0017450553017988
1.0163661088443634
1.0079774644160049
1.020423601033741
1.021618949397275
1.0201588451419736
1.0209252511837554
1.024886730908656
1.0212015941572958
1.0211575044796104
1.0242896758675715
1.0093859003660293
1.016529476775974
1.0204324661004125
1.0157305739576066
1.0151826994624151
1.0281631183566393
1.0116482166250453
1.0152929921350702
1.0169375144025037
1.024332113231353
1.0146188948936958
1.0165236505711288
1.017483842081502
1.019270801004056
1.0223420337072957
1.018046649991885
1.0212063808883098
1.0178173155301715
1.0200872960657323
1.0151140116283344
1.0136845916260895
1.0216325978807757
1.0235356158681725
1.0221919639193198
1.0281444043912134
1.0239104443593587
1.022795750921011
1.0153006177086255
1.0169086958908196
1.0154481044069754
1.0183706193479838
1.0234037366422348
1.0249275535805524
1.0221370008741832
1.013579640982647
1.0113955529868335
1.020887713881624
1.0206466728463326
1.0279378792113578
1.0190691551752762
1.0192927918893657
1.0161504918912263
1.0214222957154084
1.0203204736302047
1.0207511611564177
1.0169506288302574
1.0172091998168744
1.020239189215898
1.015925097888111
1.0060210175836632
1.0228482392827125
1.0196734977607067
1.0145249624183612
1.0291692878150474
1.0260675282368297
1.0157411359979724
1.0184766372611793
1.0156763136104867
1.0193045386697586
1.0247987644085055
1.0090530681524543
1.0219944301446853
1.0222575637872262
1.013191834033865
1.020640433562845
1.023043243959871
1.0241364154764194
1.0200233381187584
1.024339806910379
1.0157609309751336
1.0214565861477138
1.0122528486989077
1.0189773706689709
1.0194291367159993
1.0211065682184208
1.020105648900615
1.0204211849183635
1.0205320861860505
1.0161946677278657
1.0152922078943136
1.0193360687704431
1.016658607892443
1.015779268299702
1.0152819727266278
1.0197160986375926
1.0200925481126653
1.0304823340070257
1.0158593809899892
1.011995012907898
1.0189814397005625
1.0184068517626863
1.0166505840153095
1.0225560181044635
1.0173659968950879
1.0182826254326676
1.0131190517182043
1.0136261755593587
1.0197214029872417
1.0262501171685499
1.0126988555791485
1.0170214344680706
1.023559477463872
1.0283944264640892
1.0210761454317603
1.0242812980244471
1.0124367886102992
1.0206293926010745
1.0186980935220427
1.0107325561848435
1.0292540782554769
1.02147272625688
1.014290491806129
1.0249427036160441
1.0223116815624944
1.0195979048575716
1.02579675532787
1.0214200756693306
1.0183467576297838
1.0296310285960464
1.013573070552328
1.0177623813364072
1.0102258379690838
1.0192741806992889
1.0145635228380327
1.0213568278432499
1.015602355701914
1.0160706306760636
1.0096474839427596
1.0185862583172391
1.013436767212099
1.0207435355492902
1.0165303202595526
1.0081786697056854
1.0158072333111963
1.0221113896226184
1.0249277877805125
1.0224317229786306
1.0133958996119117
1.0272587621073843
1.0231126817204337
1.0111032551190513
1.0262827286305256
1.0177113108340534
1.024032522393819
1.004964642585055
1.0233339714602732
1.0161990731618296
1.0241254935805126
1.0263060505252448
1.0199445063145476
1.0221312916998129
1.0225414175323002
1.024484088095189
1.0156690331989702
1.0173599222793466
1.0156141054289276
1.0314573328588834
1.0100446433904626
1.0131537620282638
1.0158517107535083
1.0219334825856494
1.0219785055349022
1.0278299302395968
1.0157418697470868
1.010624604876996
1.0148150790688462
1.0172993965539008
1.0115570856959006
1.0240099691675522
1.0152642551483866
1.022163313964269
1.0215966118072952
1.0157000882887013
1.0245814983890473
1.0190296923007025
1.0213161436108338
1.0162697583024483
1.0170260530306003
1.029242441651344
1.025707281950116
1.0139718333959185
1.0181544994715206
1.0227551256940328
1.0213617082456383
1.0206540192371
1.012537492227171
1.0272961421222662
1.0222132933240256
1.0168132643089118
1.0187750606062747
1.0193220008581847
1.0082817318606692
1.0213455476243747
1.0202100196821697
1.0124761046330188
1.0173762017729377
1.019155345793818
1.0152034879861074
1.0255092890881514
1.0173644900374137
1.0153102452968945
1.017226202059195
1.018882695267808
1.018793637036984
1.0242276847052527
1.0123373498060155
1.0170332025166138
1.0187745949025708
1.0219211513078381
1.0195156365830735
1.0130103996012418
1.017535869689706
1.0242140473135224
1.0148288142828794
1.0282113934523833
1.013448617866633
1.0163707709932956
1.0207534773978661
1.0193052003973024
1.0145494836168527
1.0174282107072556
1.023309225063047
1.0206191246591905
1.0235458073382453
1.0178899363950173
1.0205822677121463
1.0194660402501217
1.0209754624331795
1.0210775026354264
1.0151961480072467
1.0280005046244955
1.0129925870848855
1.0174517362038744
1.0142730232738262
1.0164780231141102
1.0130137220742566
1.0157944386168756
1.0161425304218823
1.022233080455782
1.0170891439665226
1.0123727918881598
1.0179156199364061
1.0153940487425612
1.0209411547141358
1.0217772284939606
1.0130804375534725
1.0185924131548914
1.0363792948417376
1.021362099167094
1.016880064168821
1.0169921026298456
1.0286671103328024
1.0327828178629361
1.021294118952054
1.0263967937670508
1.0169471919559536
1.026005136744592
1.01809986130581
1.0165823798932625
1.021719886913139
1.0118943003283767
1.0189912558544754
1.020439135051074
1.0145155718025356
1.0213428735141292
1.0151244812110973
1.011791561601226
1.021887703900952
1.014120818754295
1.0250568389957107
1.0144192236460967
1.0155950011094275
1.019239170119377
1.0225995636633167
1.0237047332337812
1.0187810177282746
1.0226390164137655
1.0204820098549803
1.0185448762797797
1.0152735000294284
1.0197579745969083
1.0127449467641698
1.023307126986941
1.0296468193349009
1.0217068417264126
1.0154922221081664
1.023015748273269
1.0156584892374763
1.0172536713863223
1.0201892472405494
1.0211075661160476
1.0169481633027457
1.0102915123497485
1.0200417317477428
1.0227749533533084
1.0133260250226688
1.0182226362700482
1.0180896348711987
1.021410254448792
1.0275427755311528
1.0273041604641429
1.0146230124438043
1.0245818835471687
1.021920217201775
1.0257058412916866
1.0147411423142745
1.0141196029074984
1.0250673873034941
1.0252645256838884
1.013990232913181
1.0173702256839077
1.013992830760898
1.0256211846093903
1.0239069489818602
1.0177077108496813
1.024792506908884
1.0160585112233251
1.0187765006148954
1.023325825819543
1.0184864747320046
1.0234724623856624
1.0124009099346818
1.0195342857532157
1.0164631898550038
1.0183135560705863
1.0225535250696167
1.0114910259016723
1.0172548623586257
1.0200347341475542
1.0239941816164582
1.016746517897774
1.01842301614422
1.0267296935307852
1.0175065128140792
1.0100486368677752
1.0071526493497915
1.0282314848277554
1.0233637100056605
1.0198265425652941
1.0185860315260826
1.025751452452899
1.0250918302252678
1.0242957905882482
1.0153792947985814
1.0261774638674035
1.0173396130943841
1.0205687793281168
1.0214223757096237
1.0235083229327575
1.0276879861118802
1.0230342657307587
1.017161668867477
1.0241912632178736
1.011885162278323
1.0142916090243346
1.0154972372919204
1.0226393186267606
1.0237905600914383
1.0139725976483314
1.019026678644661
1.0197927608991997
1.0239284643771103
1.020974611710927
1.0133152405887447
1.0147108508369094
1.0199834037200115
1.0247634829242966
1.0143800002050034
1.013590562193037
1.0276876547134837
1.0104282691921491
1.018190434639603
1.0138376841882837
1.0223888708530413
1.0181633006580406
1.018356670123568
1.0196106964936549
1.0238942301868112
1.020316421950804
1.0223149716799915
1.0148701036537393
1.02483894140915
1.0131430530945305
1.014899767575618
1.0101362393576045
1.0218588504458994
1.0163527266509078
1.019180147600803
1.0113575794890948
1.0211134890750335
1.0246164832227391
1.019747531106727
1.0138989224449906
1.0113679664515016
1.018634991288318
1.0233550619226601
1.0196981535646947
1.0190298318533204
1.0226369758027374
1.0257490989646456
1.0275498132906271
1.0153091381762362
1.0133297722963546
1.017206938383258
1.016155060443175
