0.9529225312941481
0.9761964926506096
0.9879740066495163
1.0463533477437954
1.111944911134956
0.8258950023751503
0.9063909531791319
0.7484175885477043
0.806098056835558
0.876716664749456
1.141944017348478
0.9951677932916891
0.9098850904252299
0.8765929263057569
1.00563173708372
1.2724117164814424
0.9108808354434973
1.0569028771349032
1.0968221160399252
0.8358232642482085
1.0019042611497853
1.1017669691187475
0.6845952299315247
0.8826440414410058
0.9548081940300943
1.0148914818322954
0.8939830353866887
1.0464583854968474
1.037738278281787
1.123240443334621
0.9063459321282119
0.905458874819401
0.8026628463324664
0.9244073513011745
1.0104757475476958
1.6289571459801777
0.9730946510594072
1.0816384410968498
0.7379290656918056
0.8238994398015552
1.016148751743026
0.7502366455702257
0.7388166686567211
1.2539416352843102
0.8855423805198024
1.014465050215116
0.8894010700031663
0.7121859838619321
0.7824007779724195
1.1363322760690415
1.1182488204606285
0.9066750931646061
0.9215167432291946
0.9369771597671501
1.1551682484857588
1.342938554985551
0.9710442380671293
1.0621061961404143
1.366832138436814
0.9544108409760043
0.6935740191658332
1.2017047182834901
1.0644368697897777
1.1266804343573682
1.2408147639951976
0.9819772658776423
0.9607345544591749
1.0946623842525163
0.9808899752202251
0.9990794249319481
0.9187256888678098
1.2484868887549374
1.3220124947606156
0.8520518589053858
0.7522687983806713
0.9106828661312375
1.019210617684314
0.9293604963403209
1.056593111871689
0.8937887257798138
1.0012544891483153
1.0551055058708583
0.9462151392227526
0.943688676561373
1.0513763889475
1.1722308663944796
1.0051657185866987
0.8668880665325298
1.5033372341388145
0.8458267918316961
0.8536650944061057
1.0670868403847158
1.282601380504402
1.13310291080355
0.815969065325421
1.1799724198008812
0.9117353528935087
0.8038556984511093
1.0608007029567603
1.0387786609843397
0.9222951010841787
1.1903598985571342
1.3336022790077218
1.0881826232771612
1.0129239551108298
0.7242435345112483
0.9905023594026829
0.9988993576010137
0.9290127566390186
0.7712577005754724
0.8797004672852211
0.9795797498414935
1.1169728273070383
1.2587314641483978
1.1512126858720149
0.6804358245644813
1.0600948920001951
1.1239844616744472
0.8817870236699605
0.7558560855239989
0.8863380354941919
0.9465612955046325
1.0833359178390412
0.9259659191014669
1.1435937843673987
0.8522276301138828
0.9983092309156097
1.212026517381223
1.2817385669192924
0.8966893443220352
1.0019665952799517
0.8668204392468875
1.004148821101362
1.3686784579480444
1.1339345991666119
0.9308279158100526
0.913422566086474
1.1097020793473735
1.1293178119564642
1.0941816431870734
1.025027545097589
0.9501457574036898
1.1046825829551403
1.1456260039999062
0.7599838936385277
1.068104178391062
0.8126356157674047
0.9802450045704029
0.9706354513679298
1.2343550649724637
0.9481543596629627
1.0872853724758738
0.8694322356056864
1.1040585991437206
1.1726721396524613
0.8402620671525415
0.8941723294944086
0.7512742162079553
0.9354812400722881
0.852165660246103
1.3599977327302302
0.944898578576163
0.7998755530004402
1.1754479871526775
0.988352894464636
0.7887361876293301
1.3550471103822246
1.0714913257277532
0.9607584854831134
0.9316670166136339
0.9539619460158452
0.8441391399934582
0.9103036906372017
1.2337625979046403
0.8895398489920763
1.214402379912667
1.1768833463803368
1.1709287942899231
0.8707704279103177
1.1260485401237792
1.0577998908931994
1.0514082981834012
0.7955090092026328
0.8947308566117113
1.0702074771565742
1.0967844921147019
0.9642309139716758
1.1979994175553657
1.057149874030947
0.9088126151100369
0.9124654819606371
0.9296239064444876
1.1206875075886205
0.9967991074231918
0.8950111822448185
0.9075500427461861
1.1537204037368565
1.0255416573826506
1.2315841885526628
0.8705603540391144
1.0788512142123945
1.1539888904605498
1.0115627357239214
1.1275983687228404
1.2276579814461621
0.7265495575802629
0.7354339551823853
1.0180654076785913
0.7226949933927937
0.9732962589645411
0.9455146029311663
1.0018324720273426
0.9094934476261528
1.0760088600133622
1.113409882129672
1.057432285243865
0.9023836542551612
1.336706465456971
0.9836023407949801
1.30216354234032
1.1208093678956514
1.0034068589710823
1.0859191646011483
0.9533456511636581
1.1975654084302505
0.7812238623131964
1.1193296389661826
0.9368363922385448
1.014897956625382
1.0668880678091375
0.9339935619844505
0.9993755480858545
0.8330252262183717
0.9950982547608078
1.2163773383561398
1.3553288129114593
0.942997594169783
1.081913307732468
1.0206210083750875
0.8338867700718333
1.017375948601963
1.0123714166372835
0.9055367752214871
0.9463282297527433
0.9737557766201974
1.0844064827009037
1.156140468903385
1.317052905371561
1.1370175142246979
1.1276876809585803
1.1016711105205832
1.2373630648768017
1.0216697546168552
1.0429150603291646
0.9375969583463006
1.100032822412138
1.004169573623858
1.1184881162095963
1.0614507190971836
1.217289824392435
1.296159812254672
0.9862746721748354
0.9737286943338797
1.1990353744623337
1.3188672578642786
0.9640817290505924
1.231540757850512
1.301509364732268
0.7552420658582616
0.7636436801914533
0.7394246288638943
0.8137500926417011
1.2731296119208582
0.9182957019436799
1.1036824833723562
1.1822983014327746
1.092676681249152
0.8889667389699253
0.8057714227933457
1.3059042085332657
1.0007086650343833
1.001550663177553
0.9723578488997202
0.9243914826056732
1.051930025635544
0.9565202445481793
1.1984754799501616
0.7921621585356752
0.8262927901838145
1.0256752769142907
1.3190123078267322
0.9824535048195117
1.2320371981991094
0.9370687143649207
1.0773408150567958
0.7547354549084889
0.885375862860758
1.2370228994612626
1.00774949396764
1.0865132760289384
1.224621126827848
0.9003531686317459
1.0270568672776903
0.9761131042085907
1.2287753377051456
0.9526080833547053
0.9936736509143009
0.9908147720970351
0.8635038425238588
1.2146199161326694
1.1588594441388795
0.9054128607568895
0.9319615982924552
0.9066779405530929
1.2206266443588993
1.045269790810505
0.932272945579839
1.1678485286826186
0.8825752639031884
0.9692529995192899
1.051744709205308
1.2002789181283535
1.0485356134114574
0.8254495449872763
0.8619281833227808
0.9032775764316472
1.2514088394501357
1.0320538111669737
1.0890024896729573
1.1022044252303544
0.9602505690366979
0.8810026823860175
0.9495963287851714
0.8301664756022273
0.9327662921321485
1.0234578788937938
0.9054151452752922
0.9094852398092508
0.7237525708091311
1.114420311886679
0.9437270435385716
0.8786249803188195
0.9105782736490374
1.2661794162472637
0.8376647349336628
1.0063649604255591
1.111536536407449
0.8192455525329229
1.1034667249333017
0.991738994261608
1.0606844318156197
0.989087178262048
1.0227424863901389
1.0574444237709464
0.9399710751156476
0.9390333165991955
1.0421790823501873
1.460338347930956
1.2297665879895907
0.815914582708183
0.8107490948383942
1.083276374973328
0.9084626942125027
0.8922435394743513
1.0723406982710628
0.9710158355710728
1.213233160404169
1.0802632757471395
0.8040729349361777
0.9712030026671187
1.10457202879453
0.8486047828488995
0.7556411907082543
1.2321754271358918
0.9743570579752372
0.9011324031796244
1.0116670837295623
0.928397320568306
0.9381220305811007
1.027039638582453
0.9354142836196884
1.026824427081782
0.8323389708824493
0.9554525853605498
1.1257827109754959
0.8643037369099948
1.213392540516005
1.190918366484342
1.0646490263918758
1.031086809951464
0.9530583723796349
1.0104464569462197
1.058010514482221
1.1746715600373954
1.2721826906273896
1.0649623262435761
0.9465851749280341
1.1343134166447657
1.0020623527604606
1.4274204477809986
1.3539366271437925
0.8745179074261327
1.1083595674012094
1.1448879958848892
1.3763431373509336
0.8725653574518595
1.3420990664875387
1.1192309162970104
0.7934177483176348
0.957914706793573
0.9079175720519629
0.9891459410517132
0.9431223148098479
1.2957362274809998
0.7652499017818264
0.844001805605601
0.6808429483316217
0.9666872227499448
1.0316318328147644
1.2479102554969494
1.0528914438043362
1.1045052169798424
1.1768299037216794
1.5082568047868687
0.9345025621918285
1.184457692613246
1.0371258543128203
0.9651808643925313
1.0285350271315212
0.8750792783901227
0.9286483234285356
0.8835273836104807
1.243378278922878
1.1248760157959055
1.0255508143692487
1.1426381721206098
0.9158641068595421
0.8656526192616798
1.0084692696820208
1.0874410502127307
1.0271045657187876
1.0445219608212641
0.9761613811205956
1.0721594115438529
1.0170692054640755
1.0985574668188827
0.9303736119016855
0.6828343340402796
0.8745454610445802
1.3314819860096885
1.163693998167696
0.9365034786635715
1.0013258221204933
0.9247230472455477
0.9260118641624967
0.8506850896471997
0.9197287341697006
0.8443067728244864
0.7496098790038173
1.2807540174196401
0.8079190384792664
1.131564170660951
1.140206095296652
0.9478695915667368
0.6862497409733259
0.8976742520596253
0.7036027634754498
1.0954436196112374
1.0919047536472204
1.0337626679820084
1.2675589737648978
0.8330505183647051
1.0330412198870704
0.8481985203900467
1.1411961241023345
1.5022732014076996
0.9697133140595247
1.1573329819465834
1.0217799530312959
0.7720483304446839
0.8477293544948148
1.1263438349360175
0.9669752024958774
0.969565605007698
0.8579128424230191
1.2521950010292562
1.0539244609106004
0.8588812804123995
0.8435604257428428
0.5360031050190844
1.0463976809269626
1.1069429478630355
1.302615611575004
1.2157984386635143
1.0192936159809438
1.2174853871290656
1.0645777610226788
1.09378854966056
1.078320020092069
0.9223982344307637
1.1081023579044424
1.0316401216522748
1.0044409900514217
0.8741714175822909
1.0442153624847794
1.0815781282422632
1.0152570168710917
1.1271531794652936
0.9052903288184462
0.855795168338841
1.0385373584530282
1.002895374486145
0.9028933355493314
0.9989677334655448
1.1502328424951793
1.006519388517679
0.9675173543666233
0.9006468975636471
0.8145260297499339
0.8659223477823548
0.9888866976695992
0.8784500526945662
1.0281037994626834
1.1586651653480795
1.0083929415207546
0.8014056891143071
1.0646525456318967
1.020780776048822
0.9183169350377353
0.7782458630048609
0.8351905204135506
0.7656316052495344
0.8976578844927258
1.0569892467749469
1.133241071087309
0.806649938928449
1.0374846114938259
0.7426502434665144
1.0139862413732181
1.1269180453582681
0.9342479073570225
0.7905391284642438
0.8250655775281496
0.8387485539196672
1.1793505195084413
1.0590129697969253
1.0745941795939404
0.7874682413689515
1.1434232307211345
1.1681836427712893
0.8328214211308682
0.9286870126745521
0.882769802431103
1.512735665709929
1.313572651099089
0.9019340906917159
1.101478111786812
0.6867944834193418
1.0880000516038422
0.9747021771552659
0.9475729137067159
1.1933732296370556
1.2977985328075365
1.1282350984727123
1.0798651911844228
1.1766727591208848
0.999884681184202
1.3174391905546985
0.9317141085751177
1.4323152534264478
1.1717613696734839
1.1174278494020609
0.8250639056486057
1.0452768203834353
0.7611918056091121
0.7896834469024975
0.9230861637326029
0.99562798269729
0.8895274850267424
1.3635365809428435
1.0227911651268782
1.0500805960053958
1.365747235891284
1.0942028420517358
0.9572738086695602
1.5048266036919096
0.8348094400601417
0.8243622024111903
1.0614709441876595
1.008301653791965
1.0228219750749417
1.0068127574073946
1.020212323013152
0.9870784322850613
1.084766841644914
0.9737950115584068
1.2281561315927525
1.1657277611101222
0.940185088881226
1.0485076238886564
0.9867510065559686
1.2055438182173601
0.8850291692659679
0.9127081218726864
0.8572677347073039
1.1726225182463792
1.2268339375417145
1.1790427782149981
0.9302456026440029
1.0358014866463952
1.0823809477931354
1.0319739793423492
1.003703392806922
1.186300769814195
1.32358798542808
0.7435065174900933
0.9136325415130614
1.0604691836520375
0.8843145400055914
1.393177521423986
1.0041879613259592
0.7110760931655902
0.8454632420203398
1.0765200919123736
0.9014380803837401
0.9368769200048018
1.0823049675297467
0.7378077639030585
1.3340462982041255
1.0045092598549024
0.8744811251668818
1.0738202320067376
0.9832868844223458
1.0783444996875233
0.852822656393148
1.2036195749554122
0.934056676809812
1.0765906372756218
0.8974482402886861
0.9297973222695941
0.921076118146953
0.9163871016251707
0.9049338785466651
0.9644354341619698
1.045289736599993
0.8292872077900785
0.7398721244088824
0.7789691786025525
0.982092151091225
1.2212044578007124
1.1389392650387526
1.0223380167301184
0.8506722096974613
0.9690432801671386
0.8299586297707129
0.8967179630505575
1.0894857273220464
1.0080097792652305
0.9447884550469416
0.9877760251178188
1.0302437922362115
0.8265537395244097
1.0340267117241977
0.7039341333154272
0.9208412272005694
1.1710428754351334
0.8774438313835184
1.1114667650543446
0.8198077143017986
1.0181708799510432
1.1694275569889374
1.090273885596123
0.9550480140988656
1.107082745347559
1.0516786706212042
1.0285253559302054
1.0389784884690698
0.9189590568058839
1.0844052686005283
0.8100280175118587
1.1925100004087628
0.8077853340094541
0.9596404883276108
1.048035458839127
0.9784362931345038
1.1256972009644626
1.0717724740454333
0.9292337868541358
1.003992928342219
1.2557279917746451
1.1055830626891907
0.9500237476241796
1.1747316762024047
1.0303228222279972
1.2045159591632681
0.7997199168046132
1.1999884811313881
0.7688696002342863
1.276290960765316
0.7880977118483906
0.5091042470457354
1.001738055649867
1.1498412941001026
1.2455788181178342
0.9103709793419745
1.0043303536282837
0.923886480392739
1.0294064763062443
0.8797335106164224
0.8338999467897225
0.8094592515167096
1.0725722388949135
0.8114729623582935
1.002332191330929
1.3938101779703334
1.2243150199913635
1.0830700656326508
0.9423138597510956
1.1374428837530035
0.9406918375985811
1.3370072119989191
0.9474348601677645
1.2659150048778587
1.1509552870706523
0.9182454764140221
1.1553819620651904
0.9168987465483098
0.9091022560609587
0.7539533244348672
1.282878940654822
1.0750314431569405
0.9368017755425285
1.0709257162483232
1.1858197507272643
0.9527774262078447
1.0133708510952533
0.9984596908692948
0.9883235639945201
0.7536993027012363
1.0824440431027846
1.1868255786976127
1.1333829977530727
0.9378830432872155
0.8771354667166134
1.0329407460243487
1.0903750443375975
1.037608878694174
0.9316708542928314
1.1052181718317695
0.7003170642291604
1.4559555542469185
0.8839081470278825
1.0146411570288136
0.9860699567522556
0.6524637650606769
0.9092951909297108
1.1378167376162422
0.8708957094499874
0.8377026700279544
1.1350143484266413
0.9789618032193949
0.9168617214354117
1.0097182569556082
0.9452852166292177
0.9563596779106046
1.1365495134106185
1.191420591539146
1.0586393416899817
1.004491748394596
0.920898037639107
1.0998976241698812
1.0908036355642798
1.0481625705756414
0.8754278983281211
1.0802648388763714
1.2246460303889444
1.29664586068576
1.083077670473433
1.1673911561831096
1.0725708437072081
0.8194134370011149
0.9689040233744266
1.0412260305597973
0.9664722002762653
0.9975493558224889
1.2331461724158215
1.2693176313440835
1.0797127744027977
1.0707899716216582
0.8469747969660785
0.8690272291183146
1.165181053863141
1.0694200284207727
1.0921053327811818
0.8015802226621054
1.0722917720105487
1.013345950322705
1.0687221726625762
0.9262845564880263
0.8470451508355518
