0.73095313949995
1.061318856217005
1.2302692669453137
1.4564684996122697
0.7900586599149073
1.1394386523889681
1.168898507417415
0.9379068616188272
1.016905747933481
1.2290948851041674
1.3889739239692744
0.9168608616076699
0.9270233782151945
1.4189461820699945
0.7133783475655627
0.7755830116215521
0.9769440262330932
0.8517781622564258
0.9925203889233967
0.7473974106296715
0.7296709900397876
0.8251085148992904
1.1206616812395052
1.125310402937946
1.0855248548325853
1.1210027079650484
0.8074620384235084
1.0042871909727273
1.1763387241189889
1.054110770547969
1.1867613767584317
0.8481437607534076
0.7652808068730382
0.9014524586103676
0.848563052061379
0.7429781368082626
0.8216757380463013
0.7485816552027336
1.1316099058537998
0.7242059838374962
0.8258092361364863
0.808503627184607
1.056465847902901
0.8441393439219269
0.983220437299202
0.8050016991643849
1.0151468974796445
1.0651757204303716
0.816109211625012
0.8255443900710133
1.0279914514557413
0.992567844347077
1.0047487432112052
0.8547317927458176
0.8565114686340485
1.0061668326878999
0.6406933648830341
1.1040273080865994
0.9484250458623251
0.9312682507478598
1.1590349165663225
1.1396349860132582
0.7947223121605757
1.1614151096961205
0.95545129132726
1.0868015616314255
0.8956068362498877
0.944649520766651
0.9247229787656511
0.932160506894761
1.342545354087266
1.074827266362247
0.9766133606084167
1.031024074020088
1.0246072279549638
1.03009160719904
0.7343352398067509
1.1003871469691193
1.3530239043533903
0.7600682684676121
1.130217895075436
0.9901986649731218
0.8193454145290877
0.7232594753320893
1.0173510520393683
0.9150588153120947
1.1120583866172615
0.8707831344066573
1.0327859395683037
0.8725286864344752
0.6562540266484927
1.01229437785434
1.106336624881601
0.7623497273120029
0.8330655418408697
0.9938969604691943
0.8587622589689022
1.4078609502575319
1.0429025557364435
0.8653497666615567
0.9952284197092831
1.2556394719312811
0.7396596435223824
1.4070127728989343
1.205740788425553
0.7243166648159423
0.6921168780676475
0.6787343665627941
1.103764432749607
0.9036542817033262
0.6985911229880196
1.4019069548483185
0.6491265519805234
1.3606287973621716
1.2330120207266373
0.9160012378062106
1.133810424704593
1.2446397847109643
0.880480339558328
0.9271548113075869
0.9181445496729576
0.811649673460014
0.9206605490309903
0.7714664771880154
0.8504112883847932
1.0388764626099902
0.7351123179007857
0.858307631868247
0.9405710469204166
0.7134338512483168
0.9466073689426809
0.6600016513486275
0.9018714144240448
0.8838611788774119
0.7902874005674722
1.0837190380059427
0.9614467138032478
0.7457543769335644
1.189077697973637
1.0684004603914763
0.7841499150679212
1.1764096064719414
1.1939409025444587
1.099409065284936
1.0439785793788974
0.9590072471031817
1.2692531509469405
1.6739819507312155
1.5625913399874936
0.9961398084523762
0.970834885119923
0.6372975404871931
1.009705137035612
1.0861582025652796
0.8878929842206525
1.4273849699700032
0.8220067683289176
0.9247705238658341
1.3455255056474016
0.7355396825825846
0.9495969026412938
0.9128160847948819
0.7546918146221964
0.9538911988471852
1.035186383410645
0.8827968897639602
0.888128170617556
1.0990939951753183
0.8555056731255228
0.7125867373377867
0.9118575504080753
1.097724355310828
0.6568795761647244
0.8730148017053125
1.2947236572213934
0.7125132170744041
0.7185085624519183
1.1183438286171736
0.8278337983368579
0.7268196697050484
0.618800642168652
1.0887714227103331
1.234275461122069
0.8352618713606768
1.1616383206226164
0.7251980019759184
0.9621781696082781
0.9392579605443416
1.0658701812732727
1.0316304381872885
1.51348939515035
1.1072348834870354
0.8533521992607461
0.5629257347533939
0.9434508586524134
1.3131130152607262
0.827112036837359
0.6422648734872678
1.0405905185314601
0.8815269274015418
0.5730037742638335
1.2004599698471181
0.8135453596287033
0.9060331161055842
1.2995395709144781
0.7695256694997715
0.9878512001507238
1.3699909203757386
1.3923007013276378
1.1392183980338542
0.9096328315392179
0.9316138384386272
0.5242548344896796
1.0338316993327612
1.0963752207818789
0.7326192896838939
0.8121563550856945
1.3099820800759086
0.8856118680008171
1.270293324197671
1.1364302706346436
0.9184449358605866
0.7696054593265231
1.146394066679759
1.1847412823738126
1.3127759595374322
1.1502836392772837
0.7149377112394814
1.1759935658332847
1.0732314822737499
1.0511320583306496
0.719183685942985
0.9976387495446193
1.278887168725596
0.9996104253145837
1.4718167839536453
1.0728312877810777
0.8549239662047922
0.9434051936650554
1.2984979499368432
0.94529827058843
0.7231393338918868
0.8983829796308578
0.7346014328718519
1.0455078902640969
1.1285512535009945
0.6332823312551568
0.8705337331886347
0.869468966338244
0.9172288429880757
0.8934959373260051
1.0496038748202636
1.1470036348387567
0.9948043493897535
0.7870913914982748
0.8334533155776785
1.0286261329607282
1.3329770971292032
1.1810164030481338
1.3263960584021606
0.8991794985908793
1.393886364463465
1.2370050098726244
0.9147210930482538
0.9485910216453658
0.9734583159146427
1.0135785255932854
0.6337946564928643
0.966162654036474
0.6779981398533085
0.9169986104762643
0.43590895528325746
1.5339146040371292
1.1447763837273919
1.2860282903584765
1.4449710785668572
1.1101529362247788
1.0187200779303112
0.7593755443120358
0.9443544942581525
0.9364468191685983
0.7127112740816899
0.7876542497576924
1.1653564062788808
0.6945907600837075
1.111356607298104
0.8894817430142098
1.0936863785076218
0.9166239507992953
0.7940750889860329
0.7871994737730529
1.0198238480051145
1.43321092907227
1.104168869809505
0.954104626584674
0.780711231376979
0.9471793207551218
0.8974049902787056
0.8881248523551699
0.9827716080801543
0.960579435146334
0.6876174902219223
1.042481677432069
1.4104665329569985
0.9812189242179152
0.6014239912211241
0.823581715193543
0.8223876608869511
1.0185120945374138
0.9166431681661856
1.1337635170361715
1.115781473238494
0.9975014963288504
1.0946079673142457
0.7718481430725183
0.8935809147653777
0.7418138947459602
1.1587106200783432
0.749805946090571
0.8764849944486787
0.8043879962900179
1.0374829418625107
1.2372341895898955
1.1228126326902883
0.8848387457323708
1.1649175129726956
0.7859855582040393
0.5777386291369863
0.7341270950502065
0.683222040763709
1.2492227851765814
0.7836241535399108
1.0812248709924643
0.9568227336335804
0.8698087009231699
0.8744774115049495
0.7985343167818678
0.7710006561072532
0.9431755775068814
1.0078743921405566
0.6971366982516483
1.469915316572733
1.3257387484545191
0.6318895894580396
0.8370684615460345
0.7160498327350876
0.9590036791498562
0.9882328181602793
1.0433921756868905
1.3292883041992365
0.9889376390751272
0.9307437668754074
0.8662695482975391
1.1027764341956823
0.6946864861829886
1.213978231696849
1.3000203992078128
0.9204324032413592
0.984430839407678
0.9653456455191872
0.9197851867935637
0.8190862829554671
0.8326498371028077
1.268175969458632
0.9661535578067741
1.1218321979606771
1.2380217257891684
0.7510340073481905
1.0630191653320276
1.1069307629755394
0.8933465889807632
1.048542936953818
0.7739691163839575
0.8510206227297954
0.6944121007377885
1.2034660572493976
0.706309731905053
0.7297963760262632
0.8405725248381668
1.1942294580923658
0.7964732347306418
1.0489692138826532
1.0162885736286353
1.0354037862903027
0.9368412796248776
0.8479935335673662
1.273628504539563
1.2748362762734338
1.0379165327676743
1.1685870530160265
1.5169745610375367
0.995507971011848
0.9457751577832891
1.2732893196594979
0.8756781183280896
0.9729258530704942
1.0299124346480972
1.2488603328838053
1.1042131384058849
1.025990594379532
0.7272220429202114
1.3941168665908703
0.9534719207670054
0.4908184889241295
0.8950216790091201
0.8906637887437842
0.9844691479970891
1.139834919373127
0.7752163020883824
1.0267049295596145
1.3410413773263314
0.7631273756200312
1.0411462757525987
1.0384675475899008
0.8024879050175514
1.0159636868966686
0.8794221039618537
1.0888297508568348
0.7666450349142155
0.935465208789069
1.110197646939304
1.387278786213919
0.6946285157539376
0.8636526563464184
1.0807007481202227
0.9050343309819983
0.9806620263252296
1.1283399253033928
1.290702121708199
0.8918685641700312
0.87477752168292
0.5960441002625839
1.3806198552827413
1.1528270896332902
1.042726229540665
1.592033873370567
0.911033098693556
1.1669895193363278
0.9302339683177115
1.0878282701010245
1.2243040498073001
0.5772070784139774
0.8940281634081287
0.8551859307918499
0.9797077506333102
0.8297264978337882
0.8369076261761097
0.6940464200838505
0.8232204482398231
0.8916822855152055
0.9573066406063879
0.8367733853891809
0.5194889924450785
0.9530856588127881
0.9031032609610338
1.0496281169467625
0.6925814609750159
1.133935245758098
1.5067586633306336
0.626645600847105
0.8417262888911499
0.9199504813979028
1.0603017301134487
0.9159934141664382
0.5903908079169833
0.9236452930456881
1.2815469540346327
1.023635942506237
1.1502071711293183
0.659577428839849
1.071945330057871
0.8467954392296406
0.8528184542278313
0.8174432517245578
1.3182938320062567
0.7299804830879429
1.045065165751273
1.0268894970330258
0.960061907387128
1.1931593446575857
1.066291404546057
1.0795813399144492
1.0176213570625692
0.7603545622999878
0.8943894156908749
1.0915255201461724
0.8946043910306969
0.9206996523038026
1.154718204340362
0.5339266686821418
1.0991727763344363
1.39445059412898
0.8207923179292561
0.7990622233902286
0.941830149332327
0.6702164849582255
0.6654980288529486
1.163496855970336
0.6247930883733875
0.9270059851490964
0.9561735125977926
0.7793108972912687
1.241296297775383
1.1156580602723012
0.900544057715092
0.664688068347524
0.9848500132217999
0.9109635038355657
1.003507668404609
0.8958351309028763
0.9690039740409747
1.1507593583358948
0.9992611403023102
0.9725714641290779
0.7964595407519164
0.8200394163481497
0.8614004245703449
0.8673211672639082
0.9348113124348469
1.029084910449153
1.2094761727245373
1.2472285253993103
0.8109822158577308
1.0957209257735332
0.5828229070752979
0.9535814974277048
0.9457542934847549
1.2570912533612546
1.0547537730687078
1.2029202117783018
1.0176655450943166
0.842566948035635
1.0260303135646835
1.1466733124048916
1.0057551343586328
1.1035822512091158
1.0585461016104478
1.1741932607727472
0.7720189594031308
0.7469975038894244
1.1777961976440878
1.2784063584240342
1.0678318763745924
1.0603321427562082
0.7283337137668093
0.840535453170279
1.2569668774376022
0.9481938696710983
0.7483180252499756
1.5909729154173953
1.1277915013505662
0.786629068369416
0.9006519531210483
1.2189287320827724
1.1766684723639673
1.2089007278132409
0.9481292644256655
1.2627751146293305
0.8882187547789294
0.8756354403446313
1.1726912483827425
1.0258465258386644
1.2132111772539054
0.713768672383781
1.299805654850695
0.864823074016399
0.93565981712503
0.7261624922995259
0.8672084123004129
1.0973162386597766
1.3429114346220614
0.9892113825687374
1.0393996532167784
0.779780873389011
1.1853780595202874
0.6611379303405033
1.291767340399051
1.1485715359772621
0.9041441051164384
0.956643109230688
0.6972360767667073
1.1725747200404597
0.8369571238641581
0.7364398039453869
0.9185238216085998
0.5520034127897275
0.7129784739360434
0.6184788851064923
0.9449430549939325
0.8414562627076679
1.1883413782235117
1.1747519387912109
1.4566990278419985
1.3668000001567224
1.0142945684533082
0.6493530092509467
1.1802485971158763
0.9688094170483896
0.9893535229544977
0.8473399465587932
0.7816446198306101
1.0283995154562349
1.0432778642415468
1.1800331947318017
1.0260847806376432
0.952807335287032
0.6935562698433796
1.0107827233069167
0.9019727857050964
0.8591729172918917
0.8041257035102671
0.830116255862431
0.813082609394089
0.7345983409668634
0.9640281950831263
1.0415617903473686
1.4091261140488882
1.1431384365772168
1.1550986416048772
1.1342155243775869
0.7317933800088965
0.8204246607820447
1.0934089227043358
1.025038838245847
0.9732917454376724
1.0561972667048984
1.2076721910869959
0.8309766180317513
1.0737377095307523
0.7395897923040263
0.9490487365231605
0.8885108208845395
1.0235252941997488
1.1851230925445884
1.0637016164652733
0.9511413658753076
1.2185559737215954
1.1499199494398114
0.6332737722236993
1.165808339115881
0.5613263144305537
1.087858654976732
1.2391123275200766
1.2961969059712772
1.243782314258409
0.7440834904661926
1.1813763280271599
1.011412980834217
0.6834451787425485
1.0408386324248624
1.2783109762153446
1.0965866573462153
0.8686540462006996
1.0949573925212734
0.9764598117419245
0.95792033940598
0.6257301805243878
0.9245016743658766
0.8619125702272845
0.5342588964399533
0.8242092341533371
0.8421256273189086
0.7405014877358306
1.2573318558313984
0.9239751380515219
0.8259393798718384
1.1017248602894825
0.7086361128985584
1.441605726225331
0.9923700284273548
0.9565608403378804
1.0188043731496168
1.3628428063626392
1.2160547836300521
0.6873334097170846
0.7034145685475596
0.8548609105456331
1.2878558661593433
0.5737325300536418
1.4218962310629082
0.9314947697509229
0.6064976332255633
0.957908589055101
0.92773124191203
0.8458366104728157
0.9388560356605512
1.0566231806176756
0.9717011853635938
0.9746445139431955
1.0734120953110482
0.983424872212629
0.9273095349216669
1.2541322372559671
1.2324486448667198
0.8855198332252143
1.0756460987544392
0.7732500030257643
0.7083121840969716
1.1147403095913433
1.051462153765915
0.9129473291682099
1.0428397449931708
1.245498680163472
0.7488041367085776
0.7463517536768967
0.7861814844023775
0.5743530104445221
0.9063461558461665
1.0913062184898012
0.9626178863781365
0.8506724135784429
1.572642320450225
1.1653279068641518
1.1300529010468359
0.9619744750269001
1.1434240102079707
1.0093199556866308
0.7395862136837695
0.8502649989672796
0.7841726286568792
0.8800052105705645
0.9658728819687887
0.6660838207806452
0.8040361439969996
0.8888997818665735
1.056339421302316
0.789604461613161
0.7741187331789934
0.9404880123831765
1.1366604690069244
0.9012311529247302
1.2129435391263519
0.9621997388958698
1.1971392576308313
0.924299219594609
1.1592117811824891
0.76993323250196
1.1675839671491395
0.9830514378709881
1.3541946621514263
1.0291493620351777
0.5886249859311381
1.0135806835638383
1.19948227107778
0.7419005512182588
0.8430902863974563
0.7588791742779324
0.8706683115833891
1.1178699464768636
0.9627455254858205
0.9478415253995501
0.882889945529979
0.9373610298122298
1.5314860156542613
1.1137927355090982
0.8119708704200047
0.890085572215512
0.8777786391447034
1.0020089643362826
1.201524973283963
0.6214358337537005
1.1524536300766481
1.3710863404467528
0.8724698364643018
1.1572024403517098
1.0384907133313879
0.8981288891841416
0.912809337377729
0.8183892717380956
0.9983166230917504
0.8376984114063805
1.1396251947668816
1.263597841809476
0.8515005086148881
0.8136367058073642
0.8508750501414443
0.8566096968518195
0.7772792030033816
1.0496110921320791
0.7270526559655286
1.1656254428883124
1.0972967450018631
0.7621977055564847
1.3005113224823588
0.9601009499754832
0.7500524173364431
1.0061102623855254
1.179267959307565
1.0421274176497741
0.6728977497247104
0.5622984605657427
1.1154958794938603
1.2160617763020947
0.8885444762200564
0.7425538042324843
0.9606369786744017
0.7926142766897601
1.0416887384071811
1.1003932608938067
1.237715874886244
