0.974216589710555
1.0418524003407723
1.0509981356764702
1.055761864089247
1.0563797584223416
1.0663918601346714
1.0648083879820025
1.0686745495510077
1.0617972064840886
1.0670977037236467
1.0607941543466295
1.0638888798604649
1.0636235632208013
1.0635754742993415
1.0715734717112686
1.067346219356081
1.0693835724234209
1.0636163196472288
1.0611846014343784
1.0667615527539445
1.0651625874587043
1.0645263291860425
1.057551011886961
1.0636515181866655
1.0685351741304994
1.0684655921833206
1.0660272739258199
1.0632697234265216
1.0605049502065615
1.064151796210818
1.0593027953346446
1.0637585366675817
1.0644165993253771
1.0673989222671114
1.0644145991640352
1.0715218310607668
1.0636491483986052
1.0697704634253402
1.0678377334030276
1.060050450284176
1.0618119185091315
1.064262437882524
1.0647226442115612
1.0604785157065286
1.0772806518833036
1.0651381141479082
1.0680265675233316
1.061945155132528
1.068778468468542
1.056179892135401
1.0603989685773267
1.0599292539519094
1.0606691688631684
1.0609830398381035
1.0598310699527547
1.0677612144729798
1.072677545091866
1.0556804416431695
1.053227276917817
1.0591505666108523
1.0733755329493015
1.0661626934695603
1.0711542740858637
1.0575656941385387
1.0625840062442766
1.0592692466611124
1.0592619992325583
1.0620434909385512
1.056670722850163
1.0688622354354338
1.0614954766706122
1.0759788951727516
1.0617887115174836
1.0697963233776577
1.066019809002909
1.068247919016208
1.067621320932936
1.0632185376602528
1.0676212919591344
1.0602708017243887
1.0636153093513745
1.0635203014234897
1.0609569228563236
1.0547781294881815
1.0656157339897145
1.0636005970122513
1.0683639977913384
1.0669715220039733
1.070648291176363
1.0722542268344202
1.0672917325411084
1.0587828346122103
1.0666762422994291
1.062827348363106
1.0628609969460754
1.0548159449824273
1.0631662950160936
1.0758492744538515
1.0617769317815522
1.0584100635465468
1.068667480222099
1.0650378126608877
1.0635894301153725
1.058852594890765
1.0558742613186
1.0672555675293272
1.0635387488543149
1.0512503211300075
1.056019160692396
1.0666510970913479
1.0626191996269276
1.065876530007189
1.0628608357681382
1.0640742404208752
1.0749047220377321
1.062892274868884
1.0599632099347818
1.06469639499543
1.0666201524521342
1.0688145091125298
1.06539936019399
1.0569212999322886
1.0672777963066362
1.0635517725607915
1.0584034489169636
1.0599793890545297
1.07049483316554
1.071662163370566
1.068746683049238
1.0641138721316972
1.0647404220222612
1.066462389690657
1.0649133085941174
1.0625224578945967
1.0545393728803982
1.0534027524422132
1.0564265339067322
1.0705492594535952
1.0641927881587623
1.0608676528999745
1.0687930339446197
1.0666756010879928
1.0598232562348275
1.0735914508017723
1.0692593851297727
1.0627003656605944
1.0635356160507061
1.0578070719849306
1.0636039153510437
1.066073591462283
1.0569419369394168
1.0673355996557745
1.0588826334483432
1.0556760191008985
1.063997764042567
1.0704613921275385
1.0586066955093807
1.0683984476173647
1.0609496173569095
1.0634847044872282
1.0661123058647863
1.0639016397614203
1.0619548130939684
1.0659158991687594
1.060728330906949
1.0469307170014561
1.0770821676675253
1.0551487453193893
1.0716731056065076
1.064458141752464
1.056428260319503
1.058396826602097
1.0560942445873167
1.058944397640971
1.06499112384442
1.0571533609444765
1.0704595764064953
1.0581248795969669
1.0519579843915674
1.0626597294165985
1.0620755090530911
1.0622484053479588
1.0733714800927445
1.0620786887973634
1.0640822603538824
1.069657265748342
1.0636244572240965
1.0690013419779005
1.0516770870146155
1.064336054219968
1.073155452174244
1.0602755029481115
1.06040311940494
1.0713571285303123
1.0637928786075022
1.065968909260428
1.0633792892259966
1.060892792155547
1.0636414303201507
1.0701286677107122
1.0635997059869047
1.0697561550007368
1.0689110373400659
1.0620520925810002
1.065983725183917
1.0632760050809755
1.0616736229159298
1.0689643474220891
1.0604912235956394
1.0633069709270284
1.0661833535778917
1.0619508817723602
1.0650125813549407
1.0502449894930144
1.0625803363215038
1.0646822405587648
1.0716111416459502
1.0625108045539051
1.064174786204768
1.0574981229235791
1.0576730077045282
1.0587624494731134
1.0634628816211877
1.0677845286751095
1.0683738041893043
1.067174323825934
1.0650742282776546
1.0758375009160221
1.0643442592147667
1.065915792765394
1.0668533141866863
1.0584294823724172
1.0625149203231814
1.0646121851978265
1.0591606305018604
1.0694890027568094
1.067635182949293
1.0593467704489385
1.0685662364965305
1.0656319881402236
1.0712298099603925
1.0595638832817909
1.0615215647641432
1.0721257620861877
1.0578247870336583
1.0618854761590983
1.0651385575463297
1.0599311276251089
1.0534256757627685
1.0632069349208881
1.0679374608600745
1.0663580298697624
1.0642328324603243
1.0507708194141883
1.073913234366402
1.0579487404977692
1.0640600491288537
1.0609532711584122
1.069640151267783
1.0660643896302464
1.066335662106857
1.0649668296750854
1.069556628984888
1.058709975536454
1.0578070100504997
1.060811361813749
1.055729012219631
1.068144235281865
1.060510843148582
1.064692185131577
1.060096661452474
1.068005846882246
1.0675084948610514
1.0544712340705376
1.0622918591225985
1.0720261576836905
1.0667304059381295
1.0692580580070405
1.0660442215676467
1.0649549977825536
1.0692303040151123
1.056365047824803
1.0591781159481877
1.058974544843989
1.0722346971474344
1.0645392224430665
1.0573324251712672
1.0576289208874177
1.0601868836895911
1.0624928989993163
1.0705724438772002
1.069502708710169
1.0606318669741066
1.057275445166768
1.0614716391701298
1.0607221965147624
1.0708253026224557
1.063393740018257
1.0584632730615837
1.0645211762006255
1.0629749494787226
1.063602814982383
1.0525164011749906
1.0583507368510159
1.0586824567370106
1.0625077425454255
1.0632720782545209
1.0596812614103674
1.0661039516277484
1.068746147190954
1.0671470097541833
1.06242270130896
1.0676031985224714
1.07446791324473
1.0692412436583847
1.0585796743512177
1.0605645123919683
1.0715939050587406
1.0667266057905833
1.0608875474793278
1.065735440991303
1.0653387171712845
1.0728910166676526
1.0518837151091494
1.062938732491386
1.0585203448144067
1.068440454223029
1.0599098691335251
1.0644119015327642
1.0674919341114524
1.0654774824852449
1.062696404646109
1.0629876988841198
1.073155607668215
1.0728858315438312
1.0644135341594112
1.0667080186336442
1.0639818527303286
1.0640798102874425
1.062263297904879
1.0554783432950625
1.063824335968706
1.0681937124872338
1.0660851784803946
1.065447866876063
1.0684658504057036
1.0662407595837524
1.0716340844854457
1.0612759751678678
1.070027885638005
1.0673756197726239
1.0601729139324743
1.0670700700630806
1.0700933409074718
1.0658317798770476
1.063532444993437
1.0590375927609716
1.0605653168401028
1.0493875084668165
1.0632634436797024
1.0661242301706548
1.0542664484317992
1.0610693676543776
1.0587377363535388
1.0594089315330424
1.0672483411110065
1.0725674141251016
1.0640049121394497
1.0648458558403817
1.0625819977461606
1.0695760557175917
1.0659765850662533
1.0699176614842028
1.0588784843238512
1.065631459876676
1.0725867534857685
1.0705625482186931
1.0586598111734098
1.0661831640637014
1.0637157636600012
1.0620545132127643
1.060889226722358
1.0636399057697121
1.064446329778455
1.0646970960013942
1.070282346611421
1.067680559440034
1.058803557662057
1.0619779662076185
1.062837965165812
1.0647297337583312
1.0616236132817622
1.0641456779041119
1.066321103224717
1.0643212179000676
1.0707115524223052
1.0580878126772888
1.0671400451895547
1.0612866420298674
1.0636474169701176
1.0606289566551046
1.0666876766894027
1.073735543207155
1.0573992548075284
1.067148827971075
1.0658838843691816
1.0584793597646813
1.0593254595190786
1.0562787945644756
1.072266985156698
1.0669705102739973
1.0766912258966477
1.0664695436326181
1.0533714882782055
1.0600886597812385
1.0673846658275485
1.066168717024345
1.068649229763425
1.0738656337061687
1.0669273452938488
1.0655812391960178
1.0616169147573682
1.0626051240737653
1.0540556374079584
1.0551265276117645
1.0590608524738345
1.0635459007231531
1.065055767043433
1.061187551814802
1.059522997785432
1.065648031032912
1.0594951542431
1.0621231453017657
1.06159791762779
1.0691313519771048
1.0672266362159861
1.071131110155189
1.0628774569713302
1.0735323765779636
1.070185140052978
1.063993199513388
1.0607239908199835
1.0704221710346378
1.0618718655576267
1.0638670548020537
1.0628928052953026
1.0689258664038406
1.0692123817725538
1.0544373382163037
1.0653838638142519
1.0656609129221575
1.0613970319502615
1.0703157861677675
1.0623668994260462
1.0668676862067148
1.0642828760837437
1.0541835270042206
1.055462195727576
1.0661599746860633
1.0631377362329164
1.0611343535228803
1.0737378755555003
1.0684685936729115
1.0682812551781309
1.0681809674297134
1.0557621688612155
1.0679057688680826
1.0672579233202233
1.0616617417179688
1.0652775905716314
1.0634189907136793
1.0632438790599419
1.0639505102077453
1.067936096764428
1.0596643547924003
1.0598932770369156
1.0660946562863862
1.0716885658528796
1.0678553840630804
1.0603409455772723
1.067084148671804
1.0715171818431213
1.0680148183089402
1.056064645989664
1.065218469560017
1.0676557288830728
1.0609124120679592
1.056386825352467
1.0638879438030044
1.0581615815741219
1.0611477220874186
1.07004924820062
1.0690124774699217
1.063464537256523
1.0619717037542444
1.0590215800020657
1.0597885990650509
1.0549682765111863
1.0667062285421764
1.0639705493975011
1.0677996418877098
1.0645545901695603
1.056305336145584
1.0674107499169103
1.0658212354303234
1.0659584771274369
1.0592670038999397
1.0592219078475422
1.0580620500913496
1.0600944594211597
1.0623882056821674
1.0721845099950396
1.0625046593435854
1.0641423276733746
1.0680066143606184
1.0653492339802813
1.0586703896400589
1.0669257993572345
1.0632299625297612
1.0666806447734916
1.0558278796831342
1.0682658307248525
1.0712060605176108
1.0612212125347933
1.0634689459124953
1.0588136319495842
1.0562614360795624
1.0576936291004857
1.063459319724337
1.0662902565658674
1.0660283903192984
1.0635363671253715
1.0657858609804325
1.063582659088259
1.0634146718263928
1.0690466503160074
1.0615532985035843
1.0682776525152615
1.060456946441501
1.0625967709049118
1.0672271241122748
1.0662751724153907
1.063561543448692
1.063476295157619
1.0620526137360826
1.0622896581167833
1.0713062647802953
1.0673898304483003
1.0638919351928238
1.0601734091254278
1.0652026702499833
1.0650175606553884
1.0685523267094068
1.0687408703002916
1.0590495478888275
1.0530318004965247
1.0575935241067922
1.0707730306429415
1.057156858917817
1.06380007130567
1.062536597531587
1.0622412329823743
1.0670666200544046
1.0648732901348896
1.0629749624076184
1.0643954511885507
1.0634285720322352
1.0612268536629201
1.06706132482094
1.063310014296195
1.0640039916191808
1.0540694452787167
1.0620373947015336
1.0604249437856046
1.0620498325041798
1.0700711550859408
1.0677233713849914
1.0612203372129472
1.0726673011916665
1.0676991573900845
1.063520133969618
1.0559870228536679
1.0631663121861996
1.0606660717607725
1.05935716875878
1.0567693621041836
1.0541898460742016
1.0660846578934626
1.0692080645096058
1.0679789101755421
1.0623976733758882
1.0735937065786751
1.0622335348832328
1.0616379740101145
1.0604549039926334
1.058653587827701
1.0695313075336186
1.0647706074880041
1.0647634291832266
1.067818483314272
1.0607785869894364
1.0510748263483225
1.0667790359184157
1.0647870468683942
1.0627263372989075
1.0662584245330164
1.0588745323161688
1.073166458684831
1.0637056966838008
1.0650190169772553
1.0656560512960516
1.0663538247020612
1.0656402539282874
1.07073542607395
1.070928902737624
1.0592521952831977
1.0713745772598522
1.0638983370920434
1.0691149661665293
1.0584690879384895
1.0698832971711283
1.0674925779706887
1.062200990542996
1.0613977987284016
1.0691111574324879
1.0654450905416522
1.0662158895325113
1.0613028020054673
1.0638108843123995
1.058069250824583
1.0529730599120561
1.0629459938018537
1.068271793374319
1.061914796617732
1.0686787258681887
1.0599172480557604
1.0677362277995934
1.0592930192322074
1.0733282430830902
1.0662396262559481
1.0640890288315301
1.0675122441551297
1.0595305649545497
1.071471967498209
1.0685323439735057
1.05731662569431
1.066617621702886
1.0662017542302888
1.0647515096887736
1.0615831717598183
1.0682932653768826
1.061634964056164
1.0742209631824866
1.0643900669095363
1.0616648233155837
1.0709755745068565
1.0638058465463178
1.073007905430328
1.0555835465890682
1.0678008753110328
1.0609897973027997
1.0563076893347412
1.0629145323337061
1.0561357096609263
1.0661182183646276
1.0590949674770038
1.0532398285898752
1.0618078494574676
1.0635612674910284
1.074466279772852
1.0641962837974728
1.061145234107375
1.0620429332332313
1.05611564087637
1.0656433603312983
1.0628416741489874
1.0587311580573837
1.0683445831033331
1.0651710058798454
1.0498217450240184
1.0549951467349186
1.070618926906952
1.0699537129801917
1.0720392862278094
1.0684422325938165
1.066091537903871
1.0583098575533518
1.0517284479773858
1.064684269835957
1.0619953981340944
1.0648318100735197
1.0563146378043013
1.0677549091279879
1.0689522214706988
1.0636336084407614
1.0570943153300159
1.0681123030033126
1.0707122395348945
1.0611374564052094
1.062328962617477
1.067745569225202
1.0621961871593435
1.0580956339681458
1.0640135990052415
1.0662364461558522
1.0753835367870215
1.0662428438362457
1.0623943311085808
1.0641276977942966
1.0595592514580838
1.0641465902585443
1.0602481006926274
1.0667315034387657
1.061897042649011
1.0618611520262133
1.0604627476173103
1.0587361239216524
1.0599944948700186
1.0631512841040966
1.056779405579525
1.0626278512887777
1.069336549006106
1.0642917066216695
1.0664789537342096
1.0631636773624242
1.067618024870418
1.057475691692523
1.0642657156173465
1.057020023767997
1.0598049127672322
1.0627313055603997
1.0572628628940601
1.0637698231657782
1.063280638994705
1.0566565568025317
1.053641403640625
1.0622415774639231
1.059026994699554
1.062730741533083
1.0618134990875168
1.0583585739075472
1.055206587208108
1.062782916037311
1.0702635251484323
1.0583424347547943
1.0632428014109587
1.0658065213007504
1.0590761888517206
1.0542158199844183
1.0644434632084403
1.0649391667851735
1.071884294862838
1.0586503737250577
1.0717445875627967
1.0657189534404246
1.069747345792947
1.0658233095629606
1.064354485387546
1.0697234063824614
1.0591404503851152
1.0489348887345256
1.070524937346202
1.0651899436910293
1.0655714026461023
1.0613231723861798
1.0606837901309993
1.0565568318552896
1.0656645271478418
1.0651336369993212
1.0674730232618563
1.0617322227784876
1.0672962998100952
1.0679469362327456
1.070621656425686
1.0614353128192666
1.059995975801847
1.0615078382606689
1.0594405154846864
1.066858010524134
1.0652862027113792
1.0632317628970653
1.0642760922795835
1.0608336461432177
1.0608401367797353
1.055827767289767
1.067965654695267
1.060806465763679
1.0648966600247822
1.067801687505811
1.0619229387237876
1.0596341163753789
1.0672377260059491
1.0555497703412409
1.0699498299954948
1.067092987057187
1.064472627751436
1.0583137829164508
1.0612156695693382
1.0552392372135633
1.070200347631343
1.064743870202903
1.0690899667505847
1.0604890493257066
1.0679524392316264
1.0696594133379775
1.0650580748902307
1.054276198160561
1.0646329779141046
1.0605929289162601
1.0585908620650635
1.0642973155738227
1.0649337277760402
1.0710558457399113
1.0661232197865402
1.0601930308596628
1.0511712848917372
1.0529249262372382
1.059765493684595
1.062461569013691
1.0604366588701657
1.060859662793582
1.0609982331268277
1.073786619968379
1.0642802131379174
1.069596200382833
1.0600205535966472
1.0653555750979413
1.0584449640979163
1.071985946771584
1.058242632195981
1.057313267173171
1.057680404031265
1.0648227235759515
1.0555594813635434
1.0681050706120254
1.0576467002558592
1.0680959876916394
1.0628684181930008
1.0549340594717256
1.0689393064574875
1.0576611822057715
1.073388967698753
1.0663092373298098
1.0572423292568296
1.0662909673760976
1.0649913527800643
1.0639190268967929
1.0612275752507767
1.0575152188168757
1.059101438725919
1.07098235765561
1.0633665546846787
1.0620926195844729
1.05047410335426
1.0613699050049066
1.0620081794597767
1.063119760448425
1.0641681312696263
1.065445631064123
1.0569581564927637
1.0687888937133132
1.0704434609173
1.0643238442564587
1.0661205829692604
1.0656503971000884
1.0660949352172657
1.0666752181571477
1.0553915146271557
1.0711427455759759
1.0664666871859552
1.063431998085112
1.0602915782880598
1.065771893133975
1.0625756511759386
1.0623173898360738
1.0703407751040348
1.0711207556563034
1.0681070896051452
1.0600042680501471
1.0684452251217025
1.0629361971817126
1.0629183844959764
1.0588148565879993
1.0651197370596324
1.0658711240732106
1.060036137832664
1.0688043652266321
1.0508356815811828
1.0677110997115646
1.0707092327797436
1.059900325617753
1.0632981772358552
1.0688160428510514
1.0598206216868014
1.058313556888667
1.0617165734141274
1.0659028587920871
1.0643448600662848
1.06080515698591
1.0641359761918243
1.059100737063662
1.0668396364537276
1.061836976272065
1.0576376958482794
1.0629910422675206
1.076147332926041
1.0686492658485345
1.0579729959507402
1.0579088548443838
1.0680357533748157
1.0559368047443172
1.0562482154398551
1.0600959763819096
1.057819430691076
1.05765502670981
1.0598225476456573
1.068577976763253
1.0650478624760242
1.064398642817142
1.0738387987639593
1.0530116985490088
1.0652820437571735
1.0612384008587727
1.0688726446075987
1.0617200566030887
1.0657941415148218
1.0642275442050024
1.0624796539500425
1.0623780044416933
1.060409518170649
1.0636797263821354
1.0628292429861776
1.0677294544483604
1.0537054376707342
1.0601810297529144
1.0660859197141859
1.0637398788104182
1.067184841323099
1.0629594797238615
1.0596554344562046
1.059197174826769
1.0602559764945945
1.0686775278090244
1.0622980366570491
1.066062767674782
1.0676155804243288
1.0435479774830165
1.062391001303842
1.0705974722216745
1.0515449915521475
1.0687643463410763
1.059903307975717
1.055763081098413
1.0605340724564996
1.0669409198563546
1.056659091700709
1.07535575259045
1.0608904073620355
1.0584786957770773
1.067278662897644
1.0632358325950546
1.0626922789591267
1.0525474902913539
1.060705429576187
1.062795264622087
1.0626093674147898
1.0612965500442626
1.0706034291704605
1.071266578620592
1.0595319547931186
1.0593238002689929
1.0606144861251978
1.059412335287165
1.0660280306986603
1.0659923261770512
1.0632668706988404
1.061724326562267
1.0666122908791293
1.0643785506780143
1.057040854187766
1.0659830282646923
1.0639004532515388
1.0584658891202614
1.0596317160166318
1.0581715232742845
1.0628930146798758
1.0642679367113008
1.0684947076869395
1.0611693531009707
1.0670408416378905
1.0701970421989215
1.0695567603942007
1.0679894792202465
1.058100649217479
1.0602647089531854
1.0626632671689498
1.0680064315326838
1.0700246017267812
1.06254271081649
1.0637632742318301
1.0626045756489788
1.0657174877182287
1.0569937528642532
1.0688351866533188
1.0639704884008214
1.0627887840050505
1.0623549246579966
1.0590076575295744
1.0620992186557712
1.0597033844267776
1.0650188698494412
1.064737165426321
1.0672970560345076
1.0593132331137312
1.064726022228396
1.0613945411565084
1.0687282368114894
1.0649390496685425
1.0706052343355306
1.065019871562412
1.0627404918934247
1.0585646904274495
1.0632535626427022
1.0587733808534505
1.0674110370788694
1.0573012077461754
1.0686417561667634
1.061934825437565
1.0692534446318471
1.0575024519284129
1.0548807260255888
1.0644201518306928
1.0562097898447025
1.0626715559336333
1.0736393300623353
1.0693327695000614
1.0641513481961307
1.062922043896555
1.0681626416313859
1.0609714701622002
1.065393530561217
1.0556991433722007
1.057659092265476
1.0618185081978921
1.0610929344239302
1.0639981881843927
1.0600595679647673
1.0752376202593394
1.0647434355536627
1.0606605059054297
1.0579484391646692
1.0692342763713119
1.0630229007289
1.0599581971252803
1.0605987967141322
1.0544639900683124
1.063063329892631
1.069287226624016
1.0574653624864156
1.0624672476134915
1.0548344503255083
1.058988553085858
1.0591495984361756
1.06467146693362
1.0709141166390514
1.062121958504545
1.0630337570807489
1.0656922378966376
1.0719422082597447
1.0695371916018102
1.057887276949382
1.0592888072312856
1.0648085452119842
1.0608170180838044
1.0591120550443651
1.061870811799462
1.063019581705036
1.0649197905222048
1.0719673902445612
1.065372619814556
1.057742108851765
1.0629824405862205
1.0574176725863957
1.0538230185267323
1.069691415837534
1.0706781528112304
1.0673121037507767
1.0651713985217515
1.0606819256994116
1.0692559065852734
1.0587255080499522
1.0654492307003005
1.0626865787472972
1.0665081575837614
1.0720296222302736
1.0685542809512536
1.0621974821745908
1.0555714410300692
1.0652974478625437
1.059330545968178
1.0652253101245064
1.0595358449596524
1.066269268416985
1.0543397393284966
1.0491722902039882
1.063706302376484
1.062847451310521
1.0682085176368163
1.0660559486685228
1.0676036626284453
1.0673158151748543
1.0726439905315195
1.0648699394477206
1.058107549515823
1.0569631555615715
1.0511513172567426
1.0617502613225347
1.0692485709051858
1.0614629564719833
1.0596613205996273
1.067827689496088
1.0572905845733136
1.0551638687395433
1.0637628635442578
1.0498908975236612
1.0555432041982329
1.06735261352299
1.0638218317204235
1.063286898777216
1.0644682706735749
1.061894180353186
1.0611836777539552
1.0627818437770078
1.0648260886198213
1.0685475613623927
1.0641648650362763
1.0641659633661527
1.0665038347250178
1.0575647123947622
1.0619769434987567
1.0707938656909333
1.0582263376571994
1.0649739713618125
1.0730938749262493
1.06724415745351
1.062248407076568
1.0672816170174977
1.0615960433835885
1.0602143564880127
1.0748448300797364
1.0586554662464698
1.0753252313734778
1.0671867244936946
1.0656350843474758
1.0563704071560898
1.05957279241981
1.063726705072464
1.0688221039770358
1.0636385879186612
1.0672768341977197
1.0615923411163934
1.0625724397553247
1.0636351284540153
1.072464506668625
1.0711407417438312
1.0616053658377507
1.0619833810737194
1.0620561877595505
1.070291669657937
1.060835396691356
1.0811829016298078
1.0651695350449113
1.0686320772161662
1.0598243713199347
1.0689259659026795
1.070181056403853
1.0538172187617072
1.0617370575382816
1.065268569022587
1.0653353882036847
1.0666537033971464
1.0630276208815106
1.060245443683224
1.0616255886227464
1.05774298284073
1.0620897177252873
1.0536877939096139
1.0661760927730368
1.0660915761981684
1.0607864587652962
1.0647686179379001
1.0608360726605472
1.062601808911215
1.0655764029951975
1.0629593413828127
1.0553688972445414
1.0705968564036394
1.0713603518300456
1.0740824025262892
1.063697774430199
1.0613622490592596
1.0600115867329374
1.065776831292616
1.0589168057407543
1.069756958957226
1.0658615698719385
1.0587951221160206
1.0568994872094364
1.0530984849596432
1.0649976817578577
1.0669605930700292
1.0732394204849145
1.069420100627686
1.0648020901517943
1.0744200820100795
1.060865703310815
1.0676382884597058
1.0552856261312449
1.0616043945897045
1.06207241784374
1.0725146262872045
1.0576755196632124
1.0618173979457293
1.0622985521202022
1.0645770095927238
1.0550455014142441
1.0635202444259997
1.0624807059879822
1.0628975054186012
1.0598888867535408
1.0617620880645908
1.0609018191882316
1.0642152997086873
1.0589391714076861
1.0617093086494598
1.0608451709318674
1.0641664644942945
1.0664984243443887
1.0664011570170266
1.0649235120120715
1.0644028160542218
1.0605973503617274
1.0662055070703798
1.0573178053539392
1.064748565081522
1.0647936222208128
1.0599287060223042
1.0618897790632689
1.0672581961621495
1.0615292167080799
1.0660802133330587
1.0615125686043874
1.0679825882782206
1.0648502627763268
1.0591728480972442
1.064608858257099
1.060773333484917
1.0600261508429307
1.0616778150906927
1.0666849298491003
1.0614284473778117
1.0643362411026267
1.0622480094261237
1.0648293428721716
1.0606336758582982
1.0690824481269252
1.067299701448602
1.057957255296571
1.0707430389946664
1.0617769753437152
1.0592198391157202
1.0689629601849033
1.06173834760217
1.0656184619691247
1.0577723653337965
1.0693242692237348
1.0600459809504263
1.0734314507178775
1.0628872690896736
1.0723896456142188
1.0617217261821692
1.056821743546319
1.0563560675708408
1.070918477274913
1.0596402494972454
1.070739812496351
1.0651219105692487
1.067145221442699
1.0624819189850603
1.0705315383941576
1.0536228318311507
1.0718434663201635
1.0525383348631951
1.0647295615432855
1.0640826093220035
1.0651124959128513
1.070107594357566
1.069201589338514
1.053302920182266
1.0607229361492232
1.0631395983800012
1.0580343194777357
1.065767406453382
1.0626168284930941
1.061307374353721
1.0683954216808291
1.0646122698791034
1.056579087643053
1.0637447393530655
1.0563227422313206
1.063130735924188
1.0589109106440608
1.0697254068218451
1.064444538971635
1.0696277250843123
1.0613504626857047
1.0654031089326297
1.0635927100247098
1.068752560367703
1.0644073782329262
1.059986763607588
1.057988506696365
1.068776918289116
1.0666794392096426
1.0654071987004428
1.0679272990795412
1.061685527500934
1.0666584418054728
1.0687973411964125
1.0609007698023913
1.0614576543116314
1.0601045916425622
1.059768277433319
1.0610965244582389
1.0690964734974293
1.0729299181377911
1.0552276094111217
1.0547317747284402
1.0620425352198164
1.0586765673107794
1.0655436414597121
1.0628202752776734
1.065904315830123
1.0617650624242192
1.0610943974516331
1.0603150208848517
1.0709911224115278
1.0602288826701511
1.0655240514488797
1.0664336082291395
1.0700711844139035
1.0626259150226345
1.063961492211388
1.062257566416401
1.0670998040471855
1.0547033309227554
1.0676229546919676
1.0564295597446407
1.0651273035275517
1.0658894121769653
1.0652298557143052
1.0663018612822595
1.0588649061230373
1.065981069827064
1.0642896189591848
1.0649537618168607
1.0654874506517382
1.0664177307983604
1.067102251299473
1.0539947681036241
1.0690022327414783
1.0648290960629354
1.0653995374350995
1.065606887640662
1.0707850502268668
1.0631426104203052
1.0652709695929312
1.06476718995278
1.0597874765640287
1.0670086270144534
1.0606476397567164
1.0526473743665783
1.072155020771567
1.0603080163314893
1.057866201470692
1.065649510671259
1.0621932195535941
1.0665093765536102
1.0648318503263337
1.0627392694541533
1.0648183996273695
1.064491789516802
1.0684424725896375
1.0694930185161182
1.0673635077052517
1.0611294694545912
1.0590738293458568
1.0660440947176795
1.053566302343302
1.0697087903426286
1.0634712138895133
1.0558201177512065
1.0600529417179476
1.068639529559465
1.0682663413837976
1.066636192391424
1.0591223035364843
1.059350958081811
1.06050007818916
1.0604567794864428
1.0595797668174864
1.0597024918929348
1.0648588511467771
1.071094381760736
1.0575690137316054
1.0658637547216914
1.0569226176711382
1.0589122793359054
1.0586011994487816
1.0604860147424462
1.0621035893999817
1.0475913101935204
1.0594992572175612
1.0631642602811666
1.0657957104477636
1.0545150666147902
1.0656770318826614
1.0609611972673796
1.0617541439422755
1.0566457864005327
1.0577601663248009
1.058890511083086
1.0629462514811567
1.0576558533874176
1.0677620536536443
1.0666972484256072
1.0691036966861482
1.0649191511017946
1.0563823134201347
1.0656801482182485
1.065408768391305
1.0573104962464772
1.0658264011788563
1.0584285951262828
1.0723558753465134
1.0597705684021
1.0642537969014945
1.0620426674023085
1.0488387578064575
1.0608954027286173
1.0613979469905608
1.0642544926719204
1.0664138119654358
1.0635722552177054
1.0693180440608552
1.0630894294639979
1.0604288745627273
1.0591901546099711
1.0587615832718695
1.0633462409811794
1.0598906606625051
1.0610859647517044
1.057524653508148
1.0598375593155762
1.0634528674456396
1.057598019223461
1.0569622022237757
1.0624266496164176
1.0605411154626752
1.0563926980788447
1.0609370901971498
1.0638268347525504
1.0629208521421813
1.0584260728501715
1.0609734576983914
1.0628137472708197
1.0641945970532274
1.0564063326769835
1.0611956871972605
1.073074407473025
1.0629222739591573
1.0618956023818364
1.0610393021781546
1.0558974221229995
1.0614330519042852
1.0672654764728342
1.0631993549776078
1.0603345886093087
1.0592201452668606
1.063116759557617
1.0709856915302203
1.0695420269078086
1.0666030505134747
1.0633713697973732
1.0566323641951523
1.071567656016897
1.0651517127031227
1.0675814156686632
1.071001049519966
1.0602926033789757
1.0624446406246186
1.0677526521797205
1.0691839530193648
1.0670223166029993
1.0586514383832388
1.0645019097871578
1.0606027835441882
1.0638767543031904
1.069151020886196
1.0680131462521874
1.0675640755773987
1.0647678629079693
1.0645648082325259
1.0631696567781526
1.0657358491913929
1.0663802496268089
1.0602912067958876
1.0729673153808665
1.0770063180226042
1.068663566111417
1.0576790353281116
1.0641610848394194
1.0691268952904305
1.0658338631282154
1.0634120637329179
1.073545258638946
1.0705309897629498
1.0644268628921174
1.062490629680471
1.056984584376188
1.070465994507207
1.064444245274323
1.0664059240593622
1.0559802711984259
1.051478358038012
1.061515112637754
1.0598010601041885
1.0747344487274835
1.071168805207985
1.0657909060103772
1.066486623021488
1.0640359043036922
1.050516922517703
1.0665894892810903
1.0657780262736487
1.0672220134756971
1.0579971638254613
1.0661418690567335
1.066503847711496
1.0667116829761036
1.0564822561570093
1.0677773718397947
1.0618743840197846
1.0657816956452513
1.068116033840843
1.0596679220417957
1.062216006570803
1.0639583409037394
1.0631212955848128
1.062983400231162
1.076933981195049
1.0547442222122672
1.0643535797757946
1.0594570307401987
1.0701344708506197
1.0593268829460012
1.0637773527799326
1.0601076747824891
1.065236056590675
1.0631256545276522
1.0611680959270289
1.0637660350455553
1.0646110459448537
1.0650642901149276
1.0669677431713696
1.0651837892028806
1.0618791244549282
1.0620208738921257
1.0584608222362633
1.0663689718754288
1.0692888474992646
1.0608388072127075
1.0625337240402932
1.07170752727331
1.0653256101513828
1.0573326875407656
1.061274247730776
1.062435386038851
1.0618642877957853
1.0667273430225324
1.0695197617062693
1.0635290318034287
1.0708226049012504
1.0592698886931478
1.0608906550137047
1.0700231394525175
1.0645809723488242
1.0667969965877593
1.061184931395708
1.0600159510722966
1.0634767073229063
1.059718629582983
1.066486786790805
1.0594427605264727
1.0541953917527571
1.0650309706823504
1.0703859165665623
1.0629584523382352
1.054478459526042
1.05718826321222
1.0625407185048144
1.063292996342387
1.0729239195484994
1.0700750968634827
1.0635574816023257
1.062772738322562
1.0601147761249985
1.065262559324724
1.0584307654283616
1.0613220699138917
1.0560575088145194
1.0597698059213818
1.061866322607252
1.0691357805655919
1.061647087690264
1.061790478988136
1.0629845924902044
1.0562900245611928
1.0669300089195615
1.065566617291161
1.0622746317299618
1.0529953166992916
1.070394341387751
1.0581965001073432
1.0639414595698193
1.061997220461762
1.0597833802222414
1.0570841441454972
1.070599490848484
1.060173203565718
1.0692181346231806
1.063615237927488
1.0557203243056679
1.0570631754834077
1.0611986301884921
1.0639688557493523
1.0636976288740034
1.0629696544363407
1.0620952648542914
1.062598778624345
1.0638412889723154
1.0610262320953165
1.0543717063811842
1.067081635550419
1.0635968847140855
1.0648959177574446
1.062387688958994
1.0696029888934409
1.0694142031680722
1.0713298593467102
1.0694980135599925
1.0626306750454892
1.0631263985486037
1.069814049780615
1.0722158514484146
1.061059071112104
1.060307115381757
1.0611280003706214
1.0677480978045264
1.0591788563182007
1.0671308344217996
1.0689581406536628
1.0566665762855485
1.055776570496827
1.05865781780442
1.063559539196433
1.0704269954186096
1.0685223226669989
1.0664663581919507
1.0727246313884784
1.0634588540042667
1.0570405472439144
1.0583392232470872
1.073954985614295
1.0626129884188984
1.055909056045363
1.0615458479837898
1.0633623302548005
1.064752233609315
1.0718546345636772
1.0657942108036345
1.0618005139518414
1.0597297044641454
1.0687684321305528
1.0663778398889956
1.0604667045701621
1.0685535304555787
1.0650934044848686
1.0695782793674455
1.0637798760188952
1.0566050551396058
1.062639556744298
1.063816811914989
1.065669595175254
1.0667890413238679
1.061600563227752
1.073718330551911
1.0674683675431054
1.0663160833368555
1.062931459417527
1.058371562168221
1.0591699372899694
1.0697022335321387
1.0625632515166328
1.0665546626863769
1.0610910774220805
1.0567189330050675
1.0530739847267978
1.0601235623816936
1.0644550586531545
1.069326703892228
1.0617209541724144
1.0526338347119413
1.0643429097213188
1.0624574584456934
1.0659987889900302
1.0712473951059092
1.0612316403860005
1.0694615495625417
1.0602448167428387
1.0564654369019648
1.0547116594651713
1.0627600107538235
1.0563587532028649
1.0664316909719351
1.0671948968718155
1.0622541579778655
1.0570367074367752
1.0599230891792384
1.061738967713369
1.0594738521005131
1.0614943992570258
1.0624037474422268
1.0622627263683937
1.0629247496744332
1.0695841432880506
1.0676641383078567
1.0626909396748443
1.060229886252483
1.0582192522827327
1.0667919317681271
1.0627175983073585
1.0643016699645318
1.0666806227962788
1.0689409095794289
1.0531864076331166
1.0608006874716818
1.0554909940812387
1.054749231140192
1.0630062382637966
1.0652721952609017
1.0631588770679026
1.065785825741561
1.061732450463819
1.066981900024381
1.0643703849745216
1.0624957318637158
1.0575532313943445
1.0635579694229202
1.0649165669320408
1.0646742989133438
1.060815847682599
1.0674033499629096
1.0634670219936222
1.0774001215660782
1.0608897757109046
1.0605961739513348
1.0610841666710773
1.066699167478364
1.0634799131498764
1.0565715783222371
1.0644492615995165
1.0642468758714332
1.063377163709486
1.06976847159695
1.075862055625203
1.0655673811677424
1.0585503711909556
1.0624333371981654
1.059512669140785
1.0626723754770169
1.0632780832214817
1.0609673420363595
1.0615354410296423
1.0689180566273
1.064816239324517
1.0685080688540778
1.063839905739401
1.0620135545320832
1.055648377019388
1.0615773027950108
1.0569383311506866
1.0608441949237941
1.0701299580581782
1.065071540414946
1.0604466750841994
1.0571229744390072
1.0613620363737457
1.05698417784411
1.062200127569593
1.0603753726914338
1.0627298218225898
1.0580542226943745
1.0625290365986968
1.0649564528056117
1.0592132263499452
1.0502522539466503
1.070126662300576
1.067452494985801
1.0692396307103569
1.062714567442883
1.066235923753782
1.0605539792287821
1.0637367074450694
1.0567336175840982
1.0654271771326231
1.0611843056061037
1.0651882882137211
1.0585515629133442
1.0652384691817045
1.0609281216351245
1.0622781638954162
1.053678478923377
1.065756159963347
1.0625306230553007
1.0596810192579589
1.0720569520391476
1.0541300973475958
1.062569989201487
1.0578663164877797
1.0493999355716197
1.072173814699337
1.0635952353124252
1.0687944814164831
1.0677716176349623
1.0558744936419953
1.0629447502833245
1.0644021518931015
1.0600858818754542
1.0635075276278774
1.074157216827199
1.0706787627398153
1.062962577863508
1.0702575842383224
1.0594550858118035
1.0607511713295221
1.0720304322484042
1.068841686464632
1.062233398660766
1.073226424757857
1.0551230964060798
1.0573016249623923
1.0634818951666938
1.063894924689993
1.0706058981699875
1.0690792818697088
1.058052306632347
1.060536596107121
1.070850166554508
1.062850015670591
1.0576448282990023
1.0702393405693
1.0710887593497684
1.0661322152307793
1.0610779804017791
1.0654153767866408
1.0699924529314693
1.0687069109890657
1.058640870868801
1.0684025849665073
1.060751294327068
1.0672277927370835
1.0558235269975982
1.0612681493239053
1.0615789209771838
1.0638812621568725
1.0567993893400092
1.064175790657322
1.0640257473860273
1.0673146958747086
1.0680710600556527
1.0624147861981112
1.0601761258770364
1.0667507404590701
1.0659182630383945
1.0703171426661708
1.0635860701806843
1.070508679358482
1.0625212332954117
1.0620655222410174
1.057499343683574
1.0589423025721192
1.070055030789779
1.0550704935992234
1.061243638679497
1.0614644524141121
1.063982962888094
1.0669991657216045
1.0753899388208927
1.0579443810741895
1.0720480964688073
1.0662776131341933
1.0630464058575126
1.0666150338184834
1.0613676607257152
1.0625976686671865
1.0697810292156227
1.0639016996911541
1.060277625919932
1.0666221511116694
1.0621996842990085
1.0685609076503468
1.0627284420077456
1.0649774895716906
1.0593910287320962
1.0651762501341453
1.061222371839747
1.0678081436343665
1.071061851194148
1.0530844806955988
1.0487072321116226
1.0769329106956906
1.0672860561379347
1.0624488457716303
1.0669387991070678
1.0696878061460122
1.066980192447789
1.06825976621103
1.0654529331254168
1.0558170631560753
1.057636896232299
1.0667222765648878
1.0526664277456816
1.0585805380691715
1.0692392860308115
1.05740333029325
1.064740256511384
1.0642190117408428
1.0617038488424198
1.0651786290685228
1.067062804204754
1.0653648500445485
1.067277743946791
1.066465786087315
1.06988756008378
1.0633726012437326
1.058882832506001
1.0578805905079516
1.0602386569348536
1.0760372192230123
1.0569576741836417
1.0539267871508498
1.0638383573135344
1.0685680394586938
1.0625146708634978
1.0630394362528761
1.0530169836046581
1.0662769249122206
1.0561812563757411
1.0612762373055926
1.059476909133587
1.0709983632010478
1.0714628183294368
1.0653787441770173
1.0690938995035504
1.0592092866928386
1.059359840256779
1.0676022781557404
1.0633855954421778
1.0660324452065024
1.0625138171189252
1.0633972361261457
1.0648280283682074
1.0568634516294924
1.0631773927841668
1.0671216034813482
1.0711601277243066
1.0637289001238242
1.0671791192736546
1.068889968190447
1.0669341283882805
1.0630759973773733
1.0705091885585454
1.061572471298629
1.056094495655878
1.057665969809813
1.0713614547465347
1.0653983734934824
1.056235024281419
1.0684766700868635
