0.9010906615300771
0.9920394901395035
0.9908914967502173
0.9919255675769757
1.003546839503883
1.0048797858866587
0.9820380936628244
0.9776660536831682
1.0089451992674077
0.9916712861258653
1.0131139312240527
0.9866572857525622
1.0031124478561702
0.9967168306234627
0.9867013813098747
0.9935678622289764
1.0066213810514921
1.0086799272836215
0.9957523330445867
0.9959405327331391
0.9942170367607914
1.0144000797657455
1.0017561174593312
0.9932737131745053
1.0064978957247301
1.0106270332954228
1.0218544016754727
0.9885156717345482
1.0166080357867178
0.9743606608847476
1.012602424602746
0.997692405048279
1.0129661490934974
0.9906003122893701
0.9841042981296894
1.0133405114218912
0.9967944853556487
0.9766218771032058
0.9969098388925515
0.9514078991421324
0.9898544408300011
0.9975866734908323
0.9951122042284322
0.9808621953955146
0.9981057302065405
1.0170465462851943
0.9663087345281892
1.0158999959413733
1.016623642041965
0.9731852849291536
0.9877333463344534
0.9923569740522813
0.9988836505901956
0.9753904667731637
1.0165620306519005
0.9872940653148311
0.983388416782947
1.0067745635552972
0.967021053017539
1.000742631716738
0.9817817176257433
1.007486025366892
0.9974827488647959
0.9740319961525769
0.9913178976067065
0.9807629886193172
0.9934029114502708
1.0012481574168706
0.979275510792379
0.9875917350787408
1.0089507566967906
0.972258887950849
1.0238887001748969
1.0096338939062044
0.9904004381291132
0.9997727101768135
1.0038887137895363
0.9728896044651687
0.9826565701746615
0.988505056966687
0.9981011322336287
0.9730159045003695
0.978522530731155
1.0251050768424552
0.9891715655795299
0.9849748963564416
0.9947091281316345
0.9857248051170929
0.9979980128566923
0.9836974408654336
1.009181232823254
0.9972113435978434
0.9860049850820564
1.0034891082385788
0.9705521558177337
1.0042028361857316
0.994044719173212
1.0027117229841533
0.9710210243279783
1.0029046084162838
0.999107092219366
1.003299216840172
1.0063196305559592
1.0033254590679994
0.9892119386713952
1.0166471478472472
0.9972772799962731
1.0011693659779703
0.9873087654296091
1.0087143151710056
1.0033342482409455
1.0064278057771356
0.9838598379815813
0.9789594221241364
0.9965780881731946
0.9966698650635022
1.0206642953662202
0.9911120937789849
0.9920728939970984
1.0059067338932248
0.9802206767161391
1.0097266853192626
0.9818629232422877
0.990032728364745
1.0173529175788987
0.9891584405611451
1.016398880387131
1.0131491737570744
1.0507376090043297
0.9908876167574258
1.009805439922547
1.0400222360093
0.9974243463408158
0.9866391985755094
1.004067496351758
0.9650943748959427
1.0211789377951384
1.010772630697285
0.9978487441444537
1.0037073528689915
1.0282260606381395
1.0109073203713965
1.0004461641157152
0.993396952311509
1.0281163082470564
0.9767117072529924
0.9789437457477929
1.0187718913289456
0.9890565302467148
1.0043560861853358
1.025686430537222
0.9709925898767935
0.9961625217606633
1.0046339972847693
0.9856204593917821
1.0045469815392105
0.9783982493506541
0.9989540844247531
1.0091897911773908
1.012890657051708
1.0176461015166591
1.011454980250656
0.9814039804022614
1.0242038782900178
0.9923830514354675
1.0259634675885552
1.0187206121846233
0.9785432921283398
0.9907019202110489
0.9969036431173197
1.022686988861284
1.0052332373791941
0.9847088751840609
1.0316519059989193
0.9658244593115872
0.9772087055341195
1.020151560635204
0.9968778228319745
0.984899415140762
0.9967172106446233
1.0058426670152723
0.9953971199272339
1.025346594004678
1.0179637806928572
0.9869018258264368
1.0034983408571054
0.9688784942563281
1.0125526858994665
1.0296343345001078
1.0170407233602543
1.0005073454132012
1.024334292826336
0.9912165632622345
1.003865122905848
1.011964639401011
1.0050188609757984
1.0000530863965076
1.0135418096535258
1.0182169922554836
0.9830242201566755
0.9958204336286722
0.9793722954343884
1.0105830552239539
0.9815337739791976
1.0267284958077574
0.9878662567572661
1.0025927674566992
0.9993392862463762
1.0124030926330612
1.0115513272706245
0.9816717491312055
1.0028394118685202
1.0060348408109712
1.0369340756328704
0.999178645036451
0.9903058083200478
0.9662266241904377
0.9991564279033802
0.9803879476260364
1.0168903514344012
0.9725501300776892
1.0018868444298905
1.0264859240100792
0.9933651709935133
0.996836640435004
1.0070533589175379
1.003649998375427
1.0001276451558472
0.9955424898040263
0.9895170027222906
0.9809865759140434
1.0048901668311112
0.9966159533410479
1.016961581515934
1.0175390072840673
0.9988743671502714
1.0075295109776983
0.9961752926963818
1.0120130382432224
0.9961580372810684
1.0344914947933481
1.0027475203742295
0.9818507516520735
1.006336352065989
1.0063017406331316
1.0014620678910928
0.9904526866574815
1.0001832345078219
0.9832867171692226
1.0080482873318077
0.9816362743390579
1.0089568746482138
1.0223651631613873
0.9922426228117008
1.006645639025458
1.0045663403815008
1.0096867240224527
0.9692708565054868
0.9501397500542953
1.0109400895068916
0.9923709130344419
1.010735292531865
1.0214463238665732
1.0220107538404526
1.0098257538299034
0.9956156257689145
1.0076264858622053
0.969357059716167
1.0001785161989392
1.0036114848391489
1.0064577776683843
1.0026334595165114
0.9735451340609564
0.9866678870004587
0.9921909363615181
1.0199347953652527
0.9838342411916877
1.0009256138645375
0.9843965922788076
0.9616747130506875
0.988355581391919
0.9836598154214947
1.0032924148033202
0.9642828294754651
0.9912478909414378
1.0003598547887653
1.0080350803231761
0.9880483852053963
0.9761672414421672
0.9751050953864382
1.0009263780162116
1.019492156360313
0.9887227837678961
1.003188443850493
0.9961140529851924
0.9857456152587692
1.0055331991839804
0.9992061105396948
1.0041261905660328
1.0091645766131754
0.9777486567361681
0.9935778308743386
1.0171385979973675
0.9977655298315694
1.0090644332048082
0.9956959322582188
0.9925284691673434
0.9738637580983879
0.9915027630907687
1.0090978075221122
1.0139201902464847
0.9952571296434922
1.0037838160286876
1.019439759178422
1.0189979720044444
1.0098544870960178
1.0208066163842653
1.0099822606028377
1.0021954447033612
0.9872406060209614
0.9741333216333266
0.9926834883814614
0.9774621981776552
1.0017526970302664
1.0081219149013152
0.9894785355211432
1.0201726177515236
0.9846192375647821
0.9745556811949616
1.0077992758776833
0.9965170998008849
0.9850144064155858
1.000555073673393
1.0326377218178853
1.0010667331862961
1.0181285679851688
1.0117231324133085
1.0053807782707793
0.9949868242623663
0.9984995093742618
1.0087967904172068
0.9948003445642994
0.9900995045702381
1.0115482595913756
1.0166385898498274
1.007957612979688
1.0155358661686171
1.0035201685772264
0.9762281331208985
1.0125570661876249
1.028650123105054
1.0031971474274062
0.9716207632076111
0.991857876137775
0.973896102019152
0.9726454699721682
0.9763952027369495
1.0147088835178846
1.0042193551025325
1.0009974164663553
0.9875712694881132
1.0042999599768687
1.023517902183697
1.0031507575629737
1.0221371434768516
1.0066090091812787
0.977282612210809
0.9883916700078945
0.9919220862583141
0.9846499914676183
1.008225500618879
0.9954487203766824
1.0101096735519532
1.0022448136600433
0.9994240839412785
1.010502122868976
0.9910070413291454
1.0195041546045425
1.0043292369739822
1.003915659138403
1.0113655884022317
0.9957212713968419
1.023016995225001
0.9990645056426459
0.9944780691853164
0.9868260494225338
1.0096818846900948
1.0062924683909542
1.002807386359705
0.9729765694768401
1.0311272804331106
0.9970232398461929
0.9931438906461132
1.0146185131531966
1.0115069454365702
1.0030941809072742
1.005835305454
1.0483748489532154
0.9874385845603131
0.9990850503997324
0.9880224054225791
0.9889740005792921
1.0199528780668006
1.0076459432209055
1.012832694174155
0.9881108123617458
0.9928303900475024
1.0191789918551688
0.9712382439015317
0.9915962407762868
1.0010074704616883
1.021848248158276
1.0035478252492351
1.0188635887601223
0.9812837205363379
0.9972326093686832
0.9758671334013838
0.9941431057177339
0.9757961703595472
0.9858510766652209
1.0331374078422306
0.9934664538690542
1.0184765359138916
0.9995832954870529
1.0029722945007153
1.0142166603916958
1.0217687768143224
0.9564818306171728
1.0167832181423626
0.9504030715362299
1.0000343828216602
1.000064306720841
0.9980617149137572
1.009664716868775
1.0074368918013061
0.9968031900518632
1.0227510918273155
1.0103238383630524
1.0179947984819708
0.9969522590072506
1.0007357138536557
1.0165367446644586
1.0144284749528594
1.0085972285674056
0.9819062614029688
1.0197359175514518
1.0052864145531422
0.9988476101166656
1.0058242094173546
1.0036405376000563
0.9914503110222169
1.0099083058797158
1.022005840681927
1.0082128953626597
1.0197847331397003
1.0213300114365615
1.017009600642306
1.0036707587261393
0.986270070061073
1.0129769723720559
0.9832487202544249
0.9925480492601407
0.9918979451382285
1.0172367764904433
0.99480150857111
1.0089870101876062
0.9962230824479615
1.0081311547515288
0.9963994695368849
0.9862316467522222
1.0024702045217855
0.9764439219327847
1.0107312571166214
1.012313262660509
1.014724948300302
0.9885386034932336
1.0079278935237148
1.0128164292987087
1.0026646402104904
1.0135408002250421
0.9864113406159489
0.9925865598569977
0.9762244558297222
1.011884597539327
0.99566231034132
0.9924841319809573
0.9830410321191252
0.9915027468649016
0.9880291242280204
0.9975391419782973
1.0068261614461589
0.973843739646308
1.0003592031220134
0.9857307914471733
1.0019092392672582
0.9876836573232606
0.9905936543082964
0.9747026449166472
1.0203231983955774
0.9991770408730634
0.9774891511103598
0.999392757179569
1.0152878164880175
0.9942201105438013
0.9875250010783362
0.9921087452082312
0.9964364575426807
1.0161770745521441
0.9700225706705212
1.0206416423533708
1.0072933404625102
0.9896240712850675
1.0049888270916547
0.9786686452161797
1.0074979806702642
1.0046265409078712
0.995986818094505
0.9882396960508398
1.0034730898351787
0.9712015374856332
1.0259075620308005
1.004937142528545
1.0292389911315087
1.0088449486911937
1.0407080279989016
1.0166880053517977
0.9895302789198278
0.9760613097798764
0.971662911664875
0.9870466319871805
1.029041631067109
1.0040155567026872
0.9551008998473626
0.9613277750448062
0.9957868479316152
0.979754949637744
1.0208282783688802
1.014104778849121
1.0145621962217235
0.9941830635432881
0.9756614802378172
0.9839872004842589
0.9962293049126681
1.0186630282725935
1.0102515881906846
1.0409291772820601
1.0000485693930095
1.019841468284343
1.0107344303916572
0.9970871839682804
0.9997520239724836
0.9733735562205227
1.0106404663140958
0.996948224316987
1.0144140050440444
0.9847440170876536
0.9960128273976181
0.9772017801219713
0.9934532755525841
1.0080317260136014
0.9888096657049881
1.000062527672095
1.0173846897373364
0.9789632225806436
0.9800796575098931
1.0101423444199245
1.0019437948179388
0.9910987268493249
0.9769779130511189
0.9725645167634444
0.9816188581187234
0.9657016100521447
1.0251139072291116
0.98851242782763
0.9856254319643863
1.00546189693459
1.0089897510972805
1.0082838976630941
0.9907031070425961
0.993491581939769
0.985855226186499
0.9812084156505234
1.0268444296635797
0.999828707156935
1.0053535070788602
1.0039317438159123
0.9879497024531382
0.9899657178194364
1.0210133960413412
1.0077664559510755
0.9989719077288056
0.9911436682576765
0.9953582992953074
1.0006360502835188
0.9910554451845354
1.0370463140085426
0.9918873281022795
1.001889159737795
1.0050736971793086
1.0086915142160315
0.9796573269447234
1.0366729580734206
1.0054051476596229
1.028140143434942
1.0060350431941516
0.9883951953845739
0.9895014706893773
0.992981574459841
0.9971856345299137
0.9867299248443815
0.996056282241708
1.0103191257702973
1.0052834849182968
1.0081005283860403
0.9798608990235487
0.9824325985340489
1.0209281445507834
0.9881912926454214
0.9973827215083817
0.9920392754668719
0.9829190193273504
0.9959262082488117
1.0052433878111362
1.0068608907236913
0.986874362880252
0.9842957831573215
1.0203889381609856
1.0067312679014446
0.9893315371651639
1.0134725655650734
1.0139831387328841
1.0121087328397524
1.0021955605445692
0.9964262515850555
0.9926947514406492
1.002350729890872
1.009867483451334
1.010864582530217
1.0202116389217437
0.9861236579581834
0.9849854071222931
1.0034129646777086
0.9909675951218742
0.9884266120532993
0.999581408284395
1.007501219882394
1.0238773215270747
0.9978585284051064
0.9837879281199247
1.013937896757727
1.0045284938018115
0.9976246913972325
1.010953951655321
1.001284562011389
0.989961368651333
1.0068643395593477
0.9867210644188512
0.987737942647966
0.9920587128581742
1.0157654239872935
1.00777664457451
0.984855312363215
1.0003039372377607
0.9962638599675447
0.967807171333531
0.9961914370450656
1.0120651407610648
0.9825800725534863
0.9846913849873731
1.0067679970844794
1.0187422479280708
1.011430204379221
0.9971982452244483
1.0195700939047354
1.0258077326311672
1.006518384769038
1.0204266419129417
0.9741059975369776
1.0316744283972978
0.9919252046875423
0.9860152524655151
1.0207063538329562
0.9905699350658244
1.0197840431822405
1.0280563277382126
0.9979859841504877
1.0016813760101213
1.0252526229589203
0.9950765522184418
1.0198638848335702
1.0006680465542463
1.0165023288968733
0.9876240856907811
0.9924474007142228
1.025793594166229
1.0159337554938248
0.9917500895264617
0.9916660347336583
0.978902047348753
1.000888290303701
1.0180906973994397
0.9790983370546578
0.9950095225124627
1.0037435842086182
1.0068669712607894
1.012989295093865
0.9811175268418854
1.0173749195796757
1.0170247649323836
1.0228668568120936
1.0060456255512311
1.0053515816656917
1.011339424453571
1.0181369398147886
0.9766392254588252
1.0172604530694953
0.9950460648658773
1.010768928325991
1.0097348704198317
1.001243442680969
0.9992240355808848
1.001945801952297
1.0044783895289264
1.0193050042939051
1.0204897371598862
0.9831313240928786
0.9880961764642984
0.9936999429375326
1.0032763416970425
0.9853301187320219
1.0096882440790942
0.9823343753481065
1.0269153768638206
0.9895527286493699
0.9835401000026118
0.9822235134732095
0.9956585204584321
0.9986955417107791
0.9941728576294933
0.9717903032953357
1.0006159261243397
1.0143402537482311
0.9915377655355464
0.9954282539057407
1.010265295574
1.0201723536670027
0.9771038760476629
0.977217842234287
1.009372557173438
1.0461293028296526
0.9884747666448166
1.0103495450633913
0.9981728821889745
0.990665166424305
1.0058349411050964
0.9683923531882145
1.0259784436545014
1.0084716160067968
1.0022409736495466
1.0064450328257604
1.0016043046814633
0.9977383341298072
1.0059271125345004
0.9945270696458843
0.9863085487068667
1.0015836803073828
0.9775925288159895
0.9848894508396304
0.9851056827963708
0.9957017358289886
0.9951040202034958
0.9947123102634694
0.9883099942050103
1.011318481007799
1.0086975589199108
1.0029728843974504
1.0062118925616872
1.0025121156215173
1.0174586545136552
0.978170608821782
0.9878856476314506
1.0193076798180287
0.9786139049674268
1.00078375966262
1.0109715698687782
0.9846330359708619
1.0005782279109705
0.9885853562933146
1.013820065853068
0.9961440137893748
0.9948164130288729
0.9866242151812447
0.9948585268996408
0.9857169838358982
0.9928136176388828
1.0251278943688027
0.9646834498388547
1.0095812237814883
1.0007328264361335
0.9807590335093409
