1.7477466527616496
1.2981716154619352
1.7802906409011678
1.6527768357641184
1.3508600210710393
1.7957626381651357
1.4388451311455628
1.4232225450552825
1.4131755415259568
1.5803360229924874
1.9118627272236837
1.7091762172228413
1.6167287819115268
1.75777836126259
1.684223376469299
1.3227057413234298
1.299697439820343
1.3534898186350255
1.1942171062004399
1.7031385281891835
1.4911229879788415
1.489828969682855
1.2310406382024468
1.6988058426335726
1.1067336529950682
1.2257221011134687
1.517350569259852
1.3294004395565115
1.5352696834160202
1.7902605264874183
1.5417172675906727
1.338977728916052
1.4100678608472572
1.7895068787322657
1.5420341511571996
1.3604484897339035
1.4799398758411098
1.7957886487122823
1.7983446620868653
1.2530095966483303
1.4297866633874474
1.9715279552455285
1.302449006137142
1.3203735217358934
1.8095220730664334
1.5722745408232401
1.883439689409795
1.6589977927574113
1.5567575588459681
1.6871027761138384
1.9382225616119353
1.6783168269096813
1.1669216738132422
1.5214079320283327
1.492924623962317
1.293269025877603
1.5661449716725473
1.4949452927785751
1.4185054576762923
1.6145018689380686
2.1357671737538437
1.730300886795996
1.838253638786789
1.8982868636350372
2.023251684044559
1.644515577526089
1.8463200076102226
1.6153848488574887
1.7254911814703746
1.3808070388630471
1.5953898344708273
1.3598676833917442
1.4365476260396008
1.9552768786427759
1.3784694836530889
1.724286038457526
1.8103695048787631
1.5015767306115777
1.861006072786936
1.5517020547746778
1.4842933319145104
1.5279436607874666
1.7302561249010182
1.6801213094751437
1.6370710977738474
1.2831907760804915
1.6422842135199902
1.6959410659171363
1.4176291288149128
1.6315093217504886
1.3149752193015594
1.540058506878695
1.7221289048514472
1.4666492454052695
1.5905332615872976
1.698028574419236
1.5435192370474078
1.3551434492129557
1.5541384506400526
1.1451734925920483
1.7115453846217645
1.567976971226551
1.5437776842501194
1.540667193988994
1.4718181990335166
1.6480102795988727
1.2992964439752972
1.6440058572542966
1.7681542270166484
1.4984245458042755
1.4513168074282567
1.3902150671576852
1.7298840941088724
2.0687519568976427
1.2225087249164972
1.5212472917967534
2.007943906060964
1.56832199624645
1.6808411454966063
1.3956367929407951
1.7744300099573431
1.5963911325368545
2.1823279199836985
1.6390258665822888
2.005208192134579
1.6608746416888607
1.838969954578572
1.603430192609153
1.9141211258556405
1.5368080231117256
1.9662409525494535
1.5089839436834267
1.6497705540215384
1.3021842643463515
1.6567583336035159
2.0194054225977514
1.518431087774111
2.014643838262714
1.435207861746462
1.6639329083788743
1.2754214215280808
1.7695634156015216
1.3631231822209702
1.2885040886538877
2.086805492305808
1.3472636407573009
1.7116963878765399
1.778179816546235
1.7017856479088938
1.9190342735517834
1.6160206375133408
1.5377951930972018
1.4937329951452534
1.3343497603829655
1.600794055699903
1.7465286533820472
1.6785691065339052
1.6386714528923585
1.6063389836716715
1.6854142223367898
2.0241749458677716
2.0438412039964997
1.9051939865023928
1.4800481567428472
1.4478206441353598
1.5811273172834115
1.3424541979913578
1.8275795039148148
1.4333011237564641
1.4702041084116513
1.7959897353271799
2.0521081489710102
1.5936788753862652
1.7228517300433668
1.4045407553112819
1.9164244283076597
1.4756209216612342
1.8187284893778086
1.451591993819502
1.8485834886754537
1.7451170656270076
1.4973613115608153
1.797941972889933
1.6574875084425849
1.8099791481230045
1.562582405822401
1.4619451147997062
1.4305006505530264
1.8246852211946316
1.495116026562348
1.4332521761890415
1.5125401060423496
1.7083102463287831
1.3233579123398704
1.6719258239304282
1.658815729705625
1.4649098935122538
1.5980125294355367
1.9211553884824752
1.526240840227606
1.831957965174609
1.6896056103087307
1.9072645085253066
1.7844429372422974
1.3603686587775758
1.6967453608844734
1.555860026133746
1.4260753488440445
1.7115795050363953
1.873066142780301
1.407084579420407
1.7397232290514488
1.6063284879053525
1.4678888090529199
1.4641786198682076
1.327758256430775
1.2665893505057921
1.6746320377269694
1.5029097445911475
1.7065534035992824
1.7262890200002894
1.6446353348736622
2.181774698170326
1.5905712712482887
1.5577251950996447
1.749124548522973
1.4421977406940778
1.479568199469129
1.4153201941067186
1.6159134466698857
1.402197668333663
1.9005838492458724
1.7113810850018694
1.4032078018532865
1.5581785882903023
1.4834066855306036
1.6836791445456674
1.7654316415931408
1.4303403296573698
1.5702883461258808
1.8509156339533928
1.463817712778163
1.4913618432564375
1.9716423007761863
1.5057452094980557
1.619281951743527
1.5587329015211526
1.2842300080436144
1.489915384352082
1.588621805260243
1.7289432726758196
1.5299626204800825
1.7779268703871367
1.736878044830937
1.3917606930392867
1.5592771169977777
1.56286335330803
1.4984322775317513
1.5726769899838564
1.8360793676975253
1.6530031579958608
1.5191736740550903
1.3600010644014389
1.5251482454568566
1.751451684269457
1.8773057385200866
1.3237165509775308
2.2407710342969565
1.6929485861954117
1.7365071842984685
2.046414845383863
1.6206523928268575
1.6734362904040792
1.3123533805089482
1.915260476800904
1.603572291669052
1.8513588773615037
1.4640136965981219
1.4315548542388024
1.6886319205735436
1.6637494938941029
1.262859154619544
1.5331225760917038
1.6431712388649187
1.5163816687328733
1.2082433236073633
1.2192565764739935
1.822905280159589
1.5246939958958774
1.6106575067743416
1.5974682632301416
1.6461133390756686
1.7023113361831566
1.9870995345152709
1.6977103619569698
1.5597502073280838
1.393627471369482
1.306500693811354
1.8091616968557855
1.704656343711231
1.7935099422457845
1.5796472322977755
1.6284046408505082
1.4586133166911668
1.6958090948725408
1.6323619100912357
1.6527969531679627
1.844936646112901
1.5384457261536408
1.802832126640494
1.847339563252117
1.481327900335848
1.659897629385855
1.6375339242026667
1.783593942007965
1.430785073050397
1.6545395759826078
1.5694433781320913
1.5587620263600912
1.4486402860528778
1.9889201221441275
1.284096531474817
1.1765181976870174
1.7958389555921042
1.7569756802287475
1.4041489937842084
1.4326789587625273
1.7723954697517161
1.5763522214108092
1.749633907162945
1.6053557617011665
1.2838077652613538
1.65236814248982
1.5865232652379018
1.8147937986592841
1.633884307678445
1.6095576258912934
1.7475863793073358
1.479545991725904
1.5468119147620565
1.7315900570655693
1.779877771548871
1.4397287759718045
1.6766275897197875
1.5997089957749564
1.9881629060241448
1.4309711907375924
2.021129931406358
1.7574682723562682
1.7509845914020117
1.621206302869025
1.647280630533303
2.0301219861606206
1.5973970054568918
2.0665544053986107
1.7311697923967357
1.8442416106416113
2.0592845334704997
1.453394073295658
1.3684170495440595
1.685834353214975
1.5463588794572671
1.6531728091755407
1.8096759836029788
1.3070446904681183
1.902655977531873
1.6386052567496245
1.5151627244075554
1.3780011452111784
1.762642454921845
1.7467474694742144
1.6327149700562087
1.5782848695768916
1.5831437293028603
1.7308151578675552
1.2371038185357657
1.8860904978253166
1.1436189062764106
1.4992885898038548
1.78107759725885
1.5507136959892878
1.9505418205004807
1.4308233330298452
1.5134983568341687
1.3810229933155187
1.5160965325777693
1.7541695819182745
1.9241837199212772
1.5907218019605147
1.525558373329652
1.6809588111106837
1.2091766777966018
1.2759414296938052
1.4369335658765567
1.6004425308340025
1.811245680207785
1.4011168135745173
1.5973242616212655
1.9923737940878345
1.453751462848395
1.3791675473079288
1.45327826802856
1.585675870554004
1.5469432260553377
1.3175240793380352
1.3166605069326294
1.6575612951924177
1.0532397437304395
1.8613942371116718
1.6102948329102287
1.5389826166826743
1.5662119346305508
1.7124300170388256
1.8309490861555902
1.4969605295570045
1.544377830262838
1.758384432020189
1.95824293632661
1.2714628201996674
1.611685497614153
1.7577195181702983
1.7654086768732273
1.5529783630166798
1.576058732487736
1.5206634077301089
1.5960744685329507
1.9455672002166262
1.8899225247455957
1.531082849670229
1.7658468828240392
1.2202311847673242
1.635761783540138
1.8754114630383105
1.2761371398412076
1.482376020429251
1.3277267359515372
1.8032774374734482
1.395738675954335
1.8191042960764572
1.3564737710271901
1.4037847926680385
1.99375571220117
1.9334169188082944
1.8018199395765806
1.4901710305099323
1.863271028604563
1.5556657985944617
1.446234205748035
1.947367999327712
2.439355924409158
1.69441816706219
1.4122098439834645
2.057385918146315
1.5221150527332656
1.8945809003375143
1.5213186424561171
1.7767245942657246
1.5724110329744918
1.7600700533411056
1.6978333362211289
1.6808499049734416
1.5627856594035006
1.5145966041540737
1.8172287468738728
1.5501739383767528
1.380142448548363
1.6219192125263726
1.7173447422971548
1.7979705868506084
1.4581375175327913
1.6270458014845008
1.7383536308386465
1.4555833075469173
1.6002777147070946
1.406182876461953
1.5594161749117985
1.3989275551616673
1.420438102849489
1.6822331502895076
1.812030695656581
1.3945363746635318
1.5328592018957337
2.2099214368157916
1.5820226062433835
1.8043521876220507
1.9142469968947649
1.5462024861841928
1.6482817072813258
1.3898392377118376
1.748989085521166
1.744289232899614
1.5989794276172142
1.419204932792361
1.9638421667841521
1.9185728391782049
1.528878936973124
1.5313650449011766
1.1879748940813533
1.472802134556582
1.8239968219061438
1.966632232035531
1.6184089888228796
1.3762776926589044
1.9838901549177184
1.8360128300901613
1.472735122168882
1.6487856145043565
1.5596404387867482
1.4443547402350145
1.8547275479861174
1.5086864299162699
1.69543058335164
2.2709690225083796
1.8141480664154006
1.5921941416584742
1.889219377175432
1.8497573540497434
1.4793430511589714
1.9689581528674398
1.3286835679678917
1.7538061289527278
1.7128194676237964
1.575390548817603
1.4956615806900175
1.6129158785115862
1.9709655632538239
1.8348569107378603
1.7391144587470466
1.568405891305681
1.4712903422026398
1.6083241250559512
1.711091952578131
1.5015886769369127
1.6873824771616774
1.838313012581584
1.5177426751442453
1.2982976578621446
1.9665888399355753
1.3987448347916962
1.5430563945757558
1.3630923681170086
1.627829546120561
1.7395015969373657
1.447114704770068
1.4826541706278114
1.9266619310478086
1.70882894377173
1.6331537562364815
1.8093470122892177
1.46740227864615
1.8443435115777402
1.4168403183847296
1.7804575662486013
1.6086067578185657
2.0875493376566645
1.7062497436972626
1.3681812222041208
1.5311101328877703
1.4463536002267074
1.700431291988448
1.4358279432555097
1.6026556589476624
1.6392281371738113
1.918832047837468
1.4339797957589269
1.310451982810082
1.461076503082104
1.3289171886218287
1.5207952676392482
1.6935151812564777
1.4018383805488952
2.03594991338741
1.758587776431889
1.1367420391998757
1.417111926283892
1.8301890138827275
1.499030126130092
1.3487579221804389
1.2490803037305431
1.8045576290859209
1.3436804267246267
1.6079509725406163
1.436594002283058
1.6098998462654879
1.8536281341880283
1.4820687012724454
1.5752812007376746
1.5267900384748396
1.794356455123343
1.679374198175924
1.660571852459243
1.4018291734351782
1.4874680999424346
1.3297632047850834
1.613690500144644
1.327350851828751
1.5575099932190597
1.5611046668827884
1.4497192193464161
1.8975807304992849
1.7654695806833751
1.7250756578744
1.853149836933839
1.3940041186309748
1.58341028404653
1.3800969715289477
1.4716944228050612
1.5353990342054158
1.4352470132504367
1.5395724771546133
1.6175020261564987
1.27626928816577
1.3700724795534143
1.3398770651488667
1.3107440894018054
1.5525568789819773
1.6543780877300334
1.366167536252119
1.8170367897897994
2.188525496001698
2.0384858188069916
1.5734279319189748
1.6399682342330186
1.5871312215640274
1.4189252427004009
1.4231680394371893
1.800074996539938
1.6017317373611808
1.4921230772752938
1.536622969165876
1.4152969419654027
1.723237351862881
1.8003687506724624
1.6155211343239944
1.894005757477289
1.6162598035748623
1.5196227722469622
2.058368939908114
1.695207261721007
1.7824549408927624
1.5526081692241158
1.7493109457530553
1.5306122276725347
1.4679097096157756
1.9220723484670748
1.3417417215259013
1.2768494764175444
1.8615028229683184
1.553421207842748
1.8353259582388137
1.6477483770281993
1.3628195765065676
1.4223587141687608
1.7937073212591486
1.5098381917699544
1.7824181020402192
1.4173332551565727
1.578472169986817
1.8307070008297979
1.8180303427841227
1.565117056498525
1.0406338596178397
1.4594575318909517
1.4049216344529747
1.5579908072781108
1.7336453499525204
1.46844475113523
1.7336963147972586
1.7140940629449006
1.3683603939648743
1.846907499741444
1.4283874235087433
1.6389782567146767
1.6503850915418252
1.8031729146956876
1.4530695844142065
1.9758792757595212
1.3865026923165988
1.451817685942874
1.321432399860464
1.3833384329159433
1.7571092403375022
1.5866056607909866
1.9920080760673307
1.6030117168948685
1.6690290954918838
1.8652045427411974
1.4505613683837963
1.8609139371136416
1.5403444527666466
1.3889523904872818
1.2075790312510413
1.5289921925590715
1.6996660731120938
1.7887782337587441
1.8950649459198576
1.9238416019650049
1.8486325308946108
1.75418481896897
1.5465451358019846
1.4132751910002062
1.8136921978787583
1.4642171025256148
1.7726612735204395
1.7467105402988545
1.7029997711311706
1.8118228629074065
1.801097445549044
1.7243435974139039
1.8379211097886878
1.5742973643270215
1.1792624551187396
1.514397798418254
1.3636324320437507
1.5981548787450448
1.53038201139384
1.9244611200423014
1.3244224925631578
1.3112205609543617
1.5630077354574587
1.563891188953429
1.3544868743177438
1.621309707453173
1.921384144202367
2.259354560536026
1.3006140370236061
1.6336363410372337
1.6741889864376345
1.2143054735892633
1.2885601925602055
1.7603574285285595
1.7073036911450685
1.6091552284918702
1.5780220254598816
1.2871601123750998
1.7561794420656633
1.415662903160155
1.5849586751954394
1.42127282805277
1.7715078989919995
1.3044665912890907
1.5319967230993716
1.6563568928540782
1.444172463666099
1.9803467898811027
1.7112675828814452
1.517777115335572
1.6540452885514356
2.1487799128929534
1.545340728613578
1.6593537543062007
1.638129486669991
1.2221598254831043
1.3408500595863961
2.072042431839245
1.6600270830499904
1.3064510805389091
2.1790678434101527
1.801993805092843
1.533677327645546
1.782461892441904
1.8286150005589163
1.5446973261280357
1.5418558613557947
1.5163598419340747
1.3858236453646589
1.3979059784914956
1.8562795793876876
2.1380151823018694
1.4000659624092668
1.584247609153813
1.3672927505537655
1.5274040806083167
1.9657087457112357
2.100702761475068
1.5653171541749362
1.235274931731783
1.501826514577765
1.094942204844565
1.587713899893438
1.5868175046793807
1.6385326458507905
1.5250306408462302
1.4299279799258988
1.6029168580566897
1.9149178336393526
2.260609165338509
1.5367588255227884
1.6567128755206773
2.3410368139300637
1.5864537706355442
1.8865681130202596
1.5873152134580732
1.7661973680866914
1.170857321243966
1.8029313801330182
1.748461805296606
1.1972559988320517
1.3195507403521651
1.867933463815284
