0.881488742846861
0.941806261351008
0.9677936121430493
0.9693161388137017
0.9821317894069158
0.9687792636893905
0.9733694489645573
0.9676099562793528
0.9760806185489637
0.9737150700605683
0.9796443274619454
0.9729303812328237
0.9689965866701887
0.9650686937518161
0.9732375178788579
0.9648090111745824
0.9759233988640643
0.9751806221073517
0.9798385014178255
0.9787823701299307
0.9696024854206184
0.972617422401129
0.9728096423214907
0.9691805217108561
0.9785212846423127
0.9708069099858764
0.9684213565761282
0.9754221565694909
0.9772757618855894
0.9804006546249543
0.9816809307527379
0.9759863669429417
0.9783379541585571
0.978611610123443
0.9688923883090564
0.968641173270517
0.9775219199752668
0.9738462684698334
0.9828889329013158
0.9764380862060003
0.9680058525842565
0.9711192413978252
0.9830233788605378
0.9752510804699419
0.9783514847284637
0.9759438985804119
0.9714157182078017
0.9768919440822094
0.9681716154174647
0.965632258072563
0.9747567750403063
0.972276001684533
0.9747286003743252
0.9761455981458445
0.9721776825621701
0.9637461324176472
0.9730425970103312
0.975314700573287
0.9770182176331245
0.9748428930438938
0.9805570454979142
0.9788314626813038
0.963987784562544
0.9703515579906775
0.9785777117119288
0.977160022635003
0.9794229322807189
0.9739784478953272
0.9642724896597106
0.9712422371286654
0.9731973960181965
0.9732072748055473
0.9694804567001993
0.9795643436267018
0.9699039086398715
0.9760846440974972
0.9740328587664105
0.9755375622529513
0.9806605562522029
0.970942348098224
0.9704740389506634
0.9725064285826853
0.9720021708049148
0.9692100815578294
0.9683108984160766
0.9718760669833294
0.9684754864506633
0.9796542666058569
0.969541044774215
0.9803888696465805
0.9670147415857844
0.9785963247706648
0.9676347357337549
0.9741477018957352
0.9749426531564281
0.9695703738434542
0.9680500558065879
0.9720444467131119
0.9741346498876111
0.973626811681881
0.9778932040471104
0.977842068331329
0.9817294923020684
0.9738202850598696
0.9811674310952472
0.9794923511911964
0.9767292094601597
0.9776008288686978
0.965052971719387
0.9649940983677131
0.97557157072337
0.9709358127498208
0.9675148225521016
0.969556434318556
0.975249549484672
0.9814993187382515
0.9818173832830345
0.9726548020478664
0.9709509427983011
0.9673209465068113
0.9731490304457808
0.9685923347206753
0.9716469930704863
0.975844464952387
0.9743687506031298
0.9708889110338194
0.9692549279448938
0.9713553137685847
0.9719928382854361
0.9711223321033782
0.97378412618245
0.9763353943123133
0.9716833497506963
0.9741623552237707
0.9780406640686816
0.9715973029713473
0.9746513622209104
0.9831532831897447
0.9731480246576434
0.9765089944778732
0.9801125866931635
0.9751069703765716
0.9738673909739789
0.9662106734027929
0.9758699086495337
0.9713532655060082
0.9767999979864014
0.9744381335315027
0.9779976615303335
0.9811965286685305
0.9815362861707178
0.9728701724509802
0.9736914830665383
0.9738478534222231
0.9675326579144736
0.9734446435597539
0.9724490475427685
0.9739945921586175
0.9789601632882841
0.9799181581322522
0.9760106654798063
0.9826056059870233
0.9731609140318938
0.9741709841250744
0.9756282267633878
0.9723697575189767
0.9756003138320823
0.9776926779273198
0.9767578690398007
0.9665533470208407
0.9725862159129337
0.9792128592156526
0.9789642658559908
0.9788297749474645
0.9804024656958272
0.9668599374042591
0.9730852367953211
0.9716396010468854
0.9710593933655601
0.9747902848159429
0.964773815585966
0.9665511421782503
0.9728805098643188
0.9684357968031836
0.9726443695911963
0.9726676631837955
0.9766301724416797
0.9677993550412962
0.9750289539241325
0.9728419525720028
0.9663527980026253
0.9760682526812586
0.9762970416979259
0.9825431599439425
0.9772555295865237
0.9794924088847824
0.9762406032331963
0.9738041457420658
0.9820278256652434
0.977481505199885
0.9862614964182204
0.9708531470623729
0.9715031956370844
0.9667431606543612
0.9751528527087637
0.9722549101612344
0.9642024434174784
0.9750950613071374
0.9739554870392766
0.9849759474720223
0.9795569169677655
0.9688251011305815
0.9706835952770547
0.9801262306978646
0.9765024315918819
0.98138831667525
0.9688536570344936
0.9672092690849491
0.9751476510784682
0.9680839020125778
0.9680689704875138
0.9741257398958353
0.972668806819504
0.9781936111212562
0.9741815879510174
0.9773767401433194
0.9741872678404069
0.9728135223218333
0.9824408536487923
0.972971361831252
0.9708050202819042
0.9815606430996093
0.974593157304516
0.9754634364675777
0.968376722526059
0.975598486788699
0.9795629324240587
0.9736413081433997
0.9752784805157432
0.9774028368296358
0.9723504805545842
0.9778682782778969
0.9682846361143107
0.9781341573289666
0.9704907028985914
0.9690454819002061
0.9720878254043241
0.9661343377540226
0.9742195614673687
0.9706799844534311
0.9711406019813986
0.9711188976087258
0.9708174554402916
0.9753086988950055
0.9742175885946792
0.9715472586242971
0.9723914632845624
0.9773263040513639
0.9779162748749368
0.9702551393688075
0.9790607070591224
0.963967728208445
0.9759018274631246
0.9706377755848964
0.980336670172987
0.9697152057376388
0.9734979856990766
0.9710308060519433
0.9742833798285621
0.9703774319693388
0.9741288434829853
0.9743094520091452
0.9722189706825185
0.9719501304674195
0.9702393508365471
0.9725664158695237
0.9759921509214328
0.9824755703727109
0.9823161583233065
0.9685683904271596
0.9742939342346795
0.9667467996573452
0.9772193771665485
0.9769865058471158
0.9652423561714805
0.9716918105328671
0.9882042531373235
0.9698020294468326
0.9715385688192467
0.9739186423571478
0.9698041779895324
0.974448670537835
0.9696232231748919
0.9789250571244955
0.9804470970587037
0.9706942219223338
0.9715445398476906
0.9699283660353674
0.9702647180956765
0.9777848060670379
0.9717961213374346
0.9675190192467281
0.9768296645526294
0.9678173274549929
0.9802948691149318
0.9731665443518885
0.9757443016298663
0.976294239231617
0.9740441990030744
0.9706804883065645
0.9721072253485618
0.9731135092952731
0.969087102376495
0.971042472094677
0.9736992061416758
0.977575467434891
0.9687143196675204
0.9648394920604793
0.9739003026255872
0.9684292364493571
0.9759195442433934
0.9730309152075793
0.9745586687435017
0.973454429518361
0.9703637012881151
0.9659578721612598
0.9723520415006007
0.9793672854314197
0.9798657855063688
0.9768440227680898
0.9720540786898986
0.9699486984554305
0.980758178896273
0.9734971416249941
0.9670166652071546
0.9706858649604418
0.97311108667786
0.974604750036227
0.9688148648300231
0.9854983458805131
0.9656167578979495
0.9754816662150052
0.9744557275162902
0.9765973930882436
0.9810386922342517
0.9815999997173075
0.9701197716449376
0.9752542418521025
0.9730736552362458
0.980945491755089
0.9775910145283631
0.979322760304215
0.9643929299112666
0.9737203423286626
0.9701712632066454
0.976525464446065
0.977950062125104
0.9762227307015076
0.9811419749295991
0.9709708296804549
0.9741661235596981
0.9661993732361289
0.9786476969271305
0.975621977969862
0.9731851268040773
0.971281408421651
0.9773570555886649
0.9772583287023427
0.9743020539353043
0.9714194036759692
0.9672141113651846
0.9788851387162576
0.9734596253881185
0.9763785903159925
0.9754207440743153
0.9757677005370823
0.9717702450041263
0.976616493801782
0.9747079278725036
0.9735774143196223
0.97274771817291
0.9691062718616891
0.9714757237158442
0.9706499061787239
0.9652154072713508
0.9677347564331419
0.9743215403268382
0.9695037011379062
0.9687679853568785
0.9697435148516833
0.977219241823795
0.9710119539537071
0.970833761865357
0.9804241624417761
0.9698204717218014
0.969729453104306
0.9703071633414319
0.9788767334365519
0.9778512320485757
0.9836281988707604
0.975625190396433
0.9696774056127989
0.9774753183110673
0.9744358015922131
0.9855849638501718
0.970564221677623
0.9669787972152024
0.9766564668715454
0.967894776205786
0.9695060784444749
0.9661827874141454
0.981960893330453
0.970474938515022
0.9782123322348366
0.9803384720545542
0.9732871229399415
0.9787360703988885
0.9730457499569957
0.9782847625660315
0.9770144140817877
0.9706801527217194
0.9683952950834445
0.973399284795243
0.9628115227277088
0.9589540799149452
0.9650896779383445
0.9758948089465208
0.975032566232821
0.971106161872166
0.974636494717081
0.9666082453558699
0.9729860114514548
0.9752906649609236
0.9833889744316647
0.9822573250767612
0.9697137433728412
0.9769124777769228
0.9739189754962455
0.9722515111201583
0.9661662241076957
0.979715793194973
0.971726798762682
0.9840654132242103
0.97774754072376
0.9683595449634124
0.9792700192746602
0.977245868576779
0.968423031389343
0.9797818880948925
0.9644280401130684
0.9710192139107617
0.981757071711903
0.979935952528282
0.9784423165449943
0.9725499892432499
0.9703658295766846
0.9736990341320471
0.9789221384397894
0.9679134798752423
0.9732320731801027
0.9804376726226528
0.9706422079004939
0.9767336785425834
0.9640039809615147
0.9746492658489454
0.9804559564730845
0.9730931064266654
0.968132174457889
0.9849816516303934
0.9752973798426846
0.9759916088037554
0.9760882234207144
0.9719714102865453
0.9740874590336159
0.977772250487525
0.9791374828529334
0.9739885140876752
0.9674742231710441
0.9754375977751333
0.9699170955219818
0.9699886509021048
0.9723781309552284
0.9748325598325167
0.9846799012314924
0.9709633872305008
0.9699883889150468
0.9772542456069879
0.9633815235991218
0.9715714041771414
0.9724384843605884
0.9779215679543594
0.9687353772797412
0.9765747135405661
0.969729433949471
0.9746536350134714
0.9770777689365879
0.9729870597689086
0.9659260148138413
0.973330608690218
0.9715727337775729
0.9664030452315088
0.9760030149757568
0.9735992750255106
0.9820931019612704
0.9717466993565403
0.9715883053659112
0.9683924749169056
0.9736336214012246
0.975491029883204
0.9672270969812153
0.9780637564784638
0.9788377365387976
0.9805193880462111
0.9732822825271473
0.9735373705270793
0.9766830030318093
0.9824733174540777
0.9708781305956701
0.9760814075150993
0.9776685752061708
0.972693568174243
0.9759394916937971
0.9664065039353568
0.979811413100441
0.9711250179283367
0.9665021486636006
0.9713822511474764
0.9788958140683744
0.9845417130888172
0.9755258045460796
0.9775834417662583
0.9711523766053002
0.9837300458498928
0.9790301165522728
0.9820264470391231
0.9779285544852796
0.9738039516153676
0.9680741748228855
0.9734588894869084
0.9797506371484743
0.9808107193668273
0.9746244756307606
0.9766277218083956
0.9704650368305417
0.9844829408284457
0.9746728008998796
0.970510654994375
0.9679283544476971
0.9725362734048185
0.9730358498570055
0.9864599340328108
0.9712777633701567
0.9732371878869529
0.9803686943507567
0.9644435784432548
0.9663091055114963
0.9733005352429697
0.9721498951535322
0.9769181536336057
0.9726339935475588
0.9742494677234516
0.9732599247393613
0.9752546259563911
0.9741956477934052
0.9639609909448144
0.969101905327533
0.9733951256127912
0.9754418158078555
0.9781373872634256
0.9730133589564474
0.9714510212932201
0.9758439794937918
0.9658660680534924
0.977687580729248
0.9683983625998185
0.9720979483871907
0.9670966857553762
0.9766565775751881
0.9778520189872127
0.9775086059874831
0.9683283398424433
0.980086578078132
0.9786825108103309
0.9698971995040833
0.974027741540338
0.9790993724140163
0.975528899874466
0.9710582713791611
0.9774345670875499
0.981760945963019
0.973478340529243
0.965315434390977
0.9651652775141807
0.9732788529351772
0.9662668501087907
0.9794463282946824
0.9756770385710964
0.9766175440178835
0.977727105742204
0.9757918280804158
0.9680568680982907
0.9825485791091311
0.9763933575087247
0.963477786340118
0.974403446079918
0.9741031411966775
0.9717658016752405
0.9699849169982865
0.9729458284152649
0.9658421579777333
0.9637398487415223
0.974001688755555
0.9740048544531456
0.9690166498119268
0.9728232331492659
0.9649360468410444
0.9758332756722998
0.9700662950040191
0.96301610531674
0.9759473588525132
0.9683264293522577
0.9756033492928077
0.9741722748085263
0.9748904104865715
0.9770370960661757
0.9816337095724489
0.973850247668993
0.9755063880199217
0.9673206645157805
0.9715910275565565
0.9705197868163767
0.9698838768518996
0.9754539191048313
0.9722194909123099
0.969113706188593
0.9630423638941813
0.9822073104717862
0.971277758012889
0.9718815957121807
0.9831992621257551
0.9744369799777891
0.9721760449671678
0.9734209868451551
0.97546715641624
0.9792746883278229
0.976093009603871
0.9767138336093829
0.9784765729917236
0.9705964723316033
0.9746758127835486
0.970832250565046
0.9756442445230111
0.9802872248417046
0.9702531577230012
0.9662137573191244
0.9721921679360606
0.9785004167936137
0.9852671156023909
0.9690976921456727
0.9772760914048086
0.9795230403254748
0.966439069804809
0.9781832966916412
0.9726686472930334
0.974996528286353
0.977059588099186
0.9777361875486863
0.9674166484107763
0.9691395753762475
0.9744803779025026
0.9798575871753844
0.9710844046580069
0.9624504442270659
0.9702620853149612
0.9728485763633111
0.9777347558615636
0.9600468783842493
0.9738996487860125
0.9704231452298653
0.9725196759204264
0.9727367097406986
0.970298703118618
0.970841994733974
0.9829663790305483
0.9756751879226317
0.9691817575334857
0.9707837571851653
0.9703655021339026
0.9650293446721323
0.9702435335789901
0.9727602023753315
0.9688560444291076
0.9684892664542468
0.9736903040365572
0.9741415234795003
0.9745716086792224
0.973500035303249
0.9751204636410228
0.972328443974515
0.9745115014176746
0.9742256798238763
0.9726505313870164
0.9766478496681306
0.9756289039915643
0.9733642609723209
0.9739364306309848
0.9712186853036832
0.9731648971471691
0.9709902295356104
0.9760152897203435
0.9731852894602343
0.9665294513557922
0.9645687668677908
0.9711496294019232
0.972239957464512
0.9810694840636337
0.974939883884138
0.9742947401430481
0.976571870991739
0.9801577739482467
0.9766602463686181
0.9725488794220367
0.9782669815496897
0.9775494871718989
0.9776675847064098
0.9781242369437386
0.9752363483170466
0.9653865398914495
0.9732729373208596
0.9768885812028777
0.9685988819137589
0.9749538994128117
0.9759868524280633
0.9685007322343555
0.9766457552726008
0.981496049091306
0.9728562211879087
0.9742643412841996
0.9658153424156969
0.9730168902569777
0.980316506753463
0.9661958157172664
0.9707615166228861
0.9652954667042475
0.9717444075138086
0.9823948963110265
0.9686348110948573
0.9699016950128332
0.9643635781990353
0.9655428633677249
0.965069937600483
0.978934792763486
0.9687391685336083
0.9688342656969232
0.9796136370411748
0.968792752320976
0.976620334194561
0.9740199624816142
0.9786227887466736
0.9701234630895522
0.9689455666369228
0.9743452950432901
0.9725062687853657
0.9760339994520572
0.9705865941616415
0.9832637821326224
0.9719311878464546
0.9806293806587043
0.970975186788732
0.9770852386910958
0.9771489531083498
0.9739977236949978
0.9790504153191182
0.9776564210510463
0.9672126123329787
0.9737013104112703
0.9696785674390057
0.9790718191040656
0.9721290349869756
0.973627863926806
0.9793358364323781
0.9801315489827714
0.980187971438769
0.970410665305563
0.9718475028941512
0.9724171874607669
0.9726413614117505
0.974891259033631
0.9750326717765245
0.9725410056590696
0.973550517954214
0.9755977867959835
0.9690095006021252
0.9700016576409503
0.9689817133121704
0.9674736867666803
0.9729667030169582
0.9728665898484201
0.9731705231086397
0.9809663998359861
