0.9325659776205518
0.9902151378920278
1.0066835817483528
1.0150083543135482
1.0082211327789083
1.026302367601546
1.015915249189433
1.0167503775585012
1.0196910224855598
1.0225670630087529
1.0175801107357734
1.0088306089458428
1.0312703007712076
1.013483538748084
1.0149249127586348
1.0244516075360706
1.0192123970450275
1.0211965978274424
1.009155559857248
1.017021180427561
1.0138170643991924
1.020282315657281
1.0108184095210653
1.0150976702724601
1.011370153600772
1.0264781893875967
1.0261967697348504
1.0128357000692818
1.0176849005227058
1.0092222796989325
1.015615960679429
1.0277845715686864
1.0159154848344065
1.0151616413788707
1.0160232765620645
1.0239809754066331
1.0169437198752818
1.0210957546050428
1.0221845726871468
1.0212653738379478
1.019348134818493
1.0232924925406304
1.0232928979316838
1.0119178296466271
1.0141516529821937
1.021247455565658
1.010114985499651
1.0104132555495353
1.0125407919057925
1.0204066285662983
1.0203694212305372
1.014685439152876
1.0149377015070384
1.0156466447788686
1.0163869636287564
1.0219656791019882
1.016274807527028
1.0262280892315716
1.0178881895309733
1.0096254845661554
1.0253662828303345
1.0189210915134508
1.027711449955033
1.0224693508645792
1.0092256147060037
1.0267925113720446
1.0114630636789324
1.0267112547980553
1.0246770363721147
1.0160436524123908
1.016400392144725
1.012300427718484
1.0168993640166335
1.0229157785702985
1.0247715271409716
1.0213050103851036
1.008974547711534
1.0140732617860264
1.0205616952421563
1.0151860887095518
1.017831962655233
1.017526048494424
1.020412386034655
1.0162797832791368
1.0203332622750196
1.0120480402521579
1.0152523123442057
1.0262471482723265
1.0153874645517231
1.0103624769207276
1.0186736841479538
1.0242218027953711
1.0157380459609908
1.0222551842846466
1.023161337250904
1.0231419808777258
1.0239114794464457
1.0118553389707254
1.026804850451476
1.0145146390691073
1.0197695724343927
1.0230719937690902
1.0225231332409643
1.0245037858683947
1.0186715817007672
1.0168658272028133
1.023456169608559
1.0144622749162988
1.0187072291803045
1.015346810787008
1.0161925234556013
1.0283514918044045
1.0236134630378242
1.0189935566022201
1.0164070959270746
1.0134446408902016
1.0163354319296707
1.0232268265465834
1.0245049270551885
1.0077304946309003
1.0198413758592244
1.0158729951944376
1.0180378962428647
1.0133954699885688
1.0253467876909546
1.0178629132069903
1.0215796390604146
1.0135033255985135
1.0176814098499425
1.0307828623943158
1.0276028055541753
1.0207189416230888
1.0177450077693817
1.0225608735279412
1.0130497989699803
1.0182886376684974
1.026704586640629
1.0218605114588235
1.0207904809136759
1.009436328806933
1.0161094513214948
1.0257120400006767
1.0162330393871837
1.0168758100100537
1.0168845476751827
1.0237572428802912
1.0155431866165099
1.0155694039169454
1.0227801243785128
1.0258080886718863
1.0187197244594957
1.0197555850099167
1.0185339258751507
1.026161556656598
1.0262045434566307
1.0188762426739815
1.0190000168486801
1.0158054114352284
1.0231757929784595
1.011413586400114
1.0224585077132493
1.016019633514542
1.0224578508732391
1.0109588963502627
1.024797208935959
1.022806200713712
1.0148551425614312
1.0200364699272253
1.0159608028117963
1.021505620597481
1.0166498350442341
1.0149736263616476
1.0150144316485616
1.023540632248246
1.0263890648257197
1.020771239405733
1.0115606444903695
1.0180412026990577
1.0136324009684543
1.024983073795028
1.0276696380427344
1.0168092537171076
1.01776794915871
1.021558562402017
1.0232619662477822
1.0235369690576643
1.0269387073358474
1.0203534805064136
1.0169762691484647
1.0165128521661624
1.0178909210593288
1.022726217678904
1.0209943674635655
1.0185300016996404
1.022748694176334
1.017712051761814
1.0204090957244067
1.0201708336149249
1.019024731896359
1.029731601470036
1.0193830790972849
1.0168663147402266
1.0196062863919544
1.0186194764240029
1.0186776475744683
1.0165847989276156
1.0185908342435595
1.017619299339928
1.0210953157802205
1.0126137568895555
1.025792189541189
1.009556481713166
1.0186062654888444
1.0169902745961468
1.016850586463532
1.0202418991274922
1.0179815607832396
1.0220821523364587
1.0177165772623988
1.0201731593347434
1.0218272738140273
1.0158906120298545
1.022788793851411
1.0180766288616514
1.016248655050409
1.0220601419507294
1.0234851077821805
1.0127117296119208
1.0210602269477165
1.0178859671225073
1.0251772211340233
1.0175068472196231
1.0244016617008997
1.0236124844226846
1.0163465325155574
1.0122252524255728
1.0139513874419477
1.0204406366027379
1.012838871483244
1.0187881640253518
1.0176257532953983
1.0096466908291384
1.0274301346076018
1.0174964289313717
1.0202575698397507
1.012535590974614
1.0211866029539798
1.0207439081221412
1.0125548738582746
1.0081683993230504
1.0186142785098555
1.0147482314443588
1.0216550858266373
1.031637329279217
1.0220823770927219
1.0158637581166392
1.0233149900782108
1.0184346390611958
1.0264033920816331
1.0181205168554512
1.018696333658106
1.0212745345293504
1.0153485763989412
1.0224366605652357
1.0143337348138495
1.0101632714076823
1.013890875600709
1.0279473717211094
1.013506742073841
1.025914136609499
1.0118046758912853
1.024174888795449
1.0252994859962492
1.0320535562283966
1.019608530219379
1.0239644657077966
1.0207608728870494
1.0075530363792018
1.0183044244089863
1.0166353475789889
1.008376885409934
1.0181919807605455
1.0144747098710154
1.0102435356488648
1.0182761542363348
1.021893860038556
1.020278553740792
1.015261233844686
1.018697738315555
1.0130348518788839
1.015266346535274
1.0194034954300313
1.0234325101587431
1.0136579502636474
1.0154893854801335
1.0176569579839496
1.0202678995543206
1.022948080913173
1.026013165575629
1.0164161559886717
1.0151073673187008
1.01822860363611
1.016974386660367
1.016167442962065
1.0122886739865882
1.0220924720715534
1.0206911221921247
1.0192285086982475
1.0176468584848917
1.0245475197720655
1.0283859076567832
1.0150304561906751
1.024751028690762
1.0178558633374888
1.0224820398473948
1.0280072426073137
1.021905631525591
1.0227982503617183
1.0208865906952276
1.0200975449080811
1.0176580110885345
1.0189342440036215
1.0210336018368718
1.0225958589937951
1.0150846656547126
1.0194866276921535
1.020100992232227
1.0180643751482188
1.0265926351243548
1.010976600706574
1.0172593296866095
1.0261823471872207
1.0190608944442705
1.0285607629697817
1.0181750891247532
1.0109801578146174
1.0127983954945998
1.0198417410242395
1.0223729059183575
1.0208330510157952
1.0177218569684996
1.0185772022713593
1.0222764736438845
1.0211101393391484
1.0235464643511245
1.0201579922166397
1.01829124570617
1.019965208855709
1.0207103597716056
1.0207197180039889
1.0257486488534837
1.0243395610524924
1.0229984931918188
1.0225641395412175
1.0167925637046924
1.0180578078726028
1.0172538708745154
1.0249346184618422
1.0141257110316493
1.0251995493292505
1.014297246166926
1.0161815857332412
1.0182624528595245
1.0209200282566122
1.011684202383173
1.0201171153354534
1.0220505529486061
1.016681753474482
1.0223099909292184
1.0152203463411564
1.0193377519093907
1.0259364558659796
1.0135129032627237
1.0168781863956433
1.0223343348222784
1.022717688021043
1.021149798401529
1.0116216221740981
1.0278320044752467
1.0181840043853223
1.0136461354641237
1.0187452047748056
1.0148224307829357
1.0190086845291288
1.0227070914770726
1.0137448967455047
1.024638082465519
1.016728688853333
1.0206672290426715
1.0189674835086613
1.0189685926811083
1.018819331495543
1.0135178200792871
1.0167206325014377
1.0190522984144628
1.0192419348358899
1.0242027688873094
1.017437176037475
1.0213306757813088
1.0161703275464498
1.0297081028106843
1.01807149405262
1.0205694909694158
1.0216165389540193
1.0202372276296188
1.0172697229317755
1.0230432604751933
1.0201295083512203
1.0226622820403763
1.0181438146059658
1.012991888078401
1.022059372215497
1.0158286331305886
1.0248705042965174
1.013524209149913
1.029369580953964
1.0154266411602613
1.019739938699915
1.0076629179629288
1.0173579498814465
1.016461750014698
1.0179382982099558
1.0176955569772383
1.0110840434915653
1.0262094916340825
1.020395818909147
1.015867248596101
1.022377691508415
1.0178498225278279
1.0140276370146393
1.024184949205725
1.0112386667752267
1.0205841780895857
1.0168519793981314
1.022619809259288
1.0164740149767812
1.020113846722138
1.019692434803904
1.0158354501073574
1.0209793814986223
1.0134674470023144
1.0186473939262641
1.022477574172678
1.0184107682695536
1.0128736096014024
1.0150425761128392
1.0185330812010902
1.0154317469977028
1.0264546922407427
1.0167655524991244
1.0157746886726422
1.0174653532520985
1.0199537673194288
1.0246170863321378
1.0195861458636053
1.0183171718976856
1.023271059915449
1.0174181169111118
1.021730076654842
1.0199363039260079
1.0189339860697053
1.0217277080241902
1.0095268080248725
1.0161564836187889
1.0188289903112355
1.020705291078625
1.0257213700342864
1.0197825747465459
1.022671016185435
1.0186159823325975
1.0111966117473365
1.0296130440585363
1.022676422940304
1.0244626733962516
1.025023249680628
1.0123987275207742
1.0193944997581421
1.0146355582602928
1.02168666135869
1.020512582215406
1.0235476515424706
1.0071845819393739
1.0273548755942312
1.006688297551681
1.006865584479737
1.0165694308793678
1.0119886431669234
1.0195666346156993
1.0127561495691642
1.0192543535126921
1.0225169858235912
1.0216915666711284
1.0244589007414389
1.0156836673452518
1.0114354113051436
1.0122304179044068
1.0121837692688802
1.0099103133470821
1.0194973229492874
1.015573072549191
1.0177468703536177
1.0169087291574146
1.010550990117374
1.0139245327966888
1.014290480800498
1.0241252277096593
1.025970642708759
1.0118131988916488
1.0115086917386413
1.0216563056210346
1.0203906173572712
1.0170058638102655
1.0204437735310359
1.022696646976124
1.0172303530949796
1.0171333319736457
1.01435236633481
1.0182939469200536
1.0228997895229095
1.0173974977124343
1.0210011965140044
1.0141146814717183
1.0148686116643009
1.0237993997018884
1.0235644344216313
1.0294317120798764
1.0168498788937461
1.0263840357038088
1.0225062535186775
1.0201789096840645
1.0151016110226232
1.0169201520999078
1.0191408915133844
1.0281023979259398
1.025040131711045
1.0261295378702064
1.0095393438907851
1.0200072532788664
1.0195051377961202
1.016480917407039
1.0118956726271735
1.0285912755898992
1.0209233916046534
1.0222436103365
1.017544244914801
1.0175451939590916
1.0137078060592304
1.0218751627139864
1.0226012980903627
1.0172166894174706
1.027518417210579
1.0190616471813176
1.0236327258998086
1.0189616705786484
1.0285595440269704
1.0238462929533654
1.0110618236295903
1.0240445474236877
1.0221861519479916
1.0116266180754407
1.0209768453556838
1.0144712461749263
1.0137452174322232
1.0237913143551884
1.0126196348645304
1.02223023242693
1.0225577214690718
1.0255188661982084
1.0181299371756427
1.0299714234274278
1.019084585329583
1.0307216815928253
1.0161044797293655
1.027590354403283
1.021693186467567
1.011437855754625
1.0195303942719824
1.020375717863047
1.0268875228697876
1.0200079347934061
1.0176553973345475
1.012882239448391
1.0169336264153372
1.0159703123061947
1.0203962301497178
1.0191931109247456
1.0205165956358448
1.0116690054548754
1.02370603412232
1.0251386464468983
1.0220540060624923
1.024887683570385
1.0203643471103907
1.0176673147753208
1.0219818986976867
1.0184452906102106
1.0226459129232308
1.0266189207862388
1.017796677191325
1.0273167621401116
1.016906187679534
1.028291106021706
1.0141714884309732
1.0140495889212737
1.0185094532618817
1.0212324484663275
1.0150903905676643
1.017517350264734
1.024410814426638
1.0225166290300258
1.0224541186343692
1.021336339324934
1.0182024100285256
1.0235014285063837
1.0146425482099293
1.0176302795332903
1.0233541322779516
1.0231863642512542
1.0173210011889413
1.0177351396217105
1.0205000428017839
1.014003639272671
1.0235453824556526
1.0178902177419247
1.0277491217042354
1.0117664002020377
1.0177921407280572
1.023510573052268
1.0169537147398178
1.0190098724926602
1.0235907824887673
1.0240977133275522
1.0139110573054058
1.0195053208970954
1.0251118600546218
1.015808636620338
1.0229790966527956
1.0097167610936355
1.0148110956042562
1.0211266117338254
1.0142917552393849
1.029439880986786
1.0226179609161725
1.019417038724987
1.001468586588818
1.0117940762604267
1.0204371064972213
1.0248938158619172
1.0228299431337766
1.0194711377133416
1.0172083744318305
1.0197818100188534
1.016476180610482
1.0200095136049483
1.0227294055519625
1.0165210368768918
1.0247413980721543
1.02427771798298
1.0131094910391
1.0184586256480612
1.0181230221513609
1.0169766373915927
1.026353154699498
1.0152800370373407
1.0287756972894282
1.0205329959203349
1.015150613367292
1.0230214856601016
1.019913813460488
1.0204877313535718
1.0223318655346787
1.0225259242380154
1.0243782459954125
1.0102655946586956
1.0254252825400676
1.0252324317110655
1.0192490972957666
1.0169235569317756
1.0203991755665838
1.020853615077769
1.0224990212258687
1.017369093143801
1.011883695384773
1.0203134282077313
1.0230781612521067
1.0162158038578328
1.025432922154083
1.0148830968227889
1.0193191095642455
1.0178616015234159
1.0229537437170908
1.0153656381063187
1.0161000218695728
1.0137180926819402
1.026028853108783
1.0131615946489945
1.016848101788035
1.0195389625572948
1.02177378646082
1.02229116168309
1.0139488481693895
1.0220975329960862
1.0147930337844906
1.0162347582358313
1.015759621556294
1.0187928823000751
1.013859595310013
1.0148934091999766
1.011583611308342
1.0132241899963446
1.0128341815702617
1.0255908444937365
1.0103240052522393
1.0153363704081648
1.0303035946869081
1.0220564043663953
1.0122398648212896
1.0113258677817811
1.0181861962726246
1.0187481433522725
1.019290041684164
1.0189269517129853
1.0174749872156608
1.0228595419326383
1.0199224849771296
1.011781889147578
1.0168735556402768
1.0142910910554683
1.0206443800589722
1.0165775217770925
1.0150665503331262
1.0221969389000676
1.0151837336408813
1.0068375577495574
1.0240993715664373
1.021312507919746
1.0221296840498597
1.0112913940338348
1.0244600292561086
1.017727550701613
1.021067646352518
1.0212869809511778
1.0096949143917122
1.0086571478186082
1.0137516380757587
1.0206763406405208
1.017234474411501
1.0145490259154606
1.0211238852191962
1.0129135541129555
1.027355701500515
1.00955695353345
1.0209329096285928
1.0202007686763443
1.018199296152913
1.024163859759334
1.0183427642869902
1.0156285891939862
1.0209295547325745
1.008005364151008
1.019901045720875
1.0162597441259615
1.0226609907318256
1.0219032821568794
1.0193099513355217
1.0195157682152935
1.0124744167682949
1.0175662504071439
1.0138101371030066
1.0181969207555917
1.0107150242851093
1.0146472081446625
1.009898508396016
1.0182308152127406
1.0257495169588016
1.030508633906741
1.0219731094791926
1.0261328701597452
1.0157426326944983
1.020759059585773
1.0156949835966702
1.0203577032271607
1.0237194236620075
1.0234720734214648
1.0295367528626271
1.016396045317446
1.0264055571524018
1.0235794520899943
1.0197109478091624
1.0174216097539803
1.02468361345383
1.0237223752139695
1.01943516789231
1.0178506030678935
1.0231916297306096
1.0142343504880322
1.0262408610036247
1.0125784180658381
1.0172086319515063
1.0154568013934464
1.021894536790782
1.0215651364877247
1.0134016249453581
1.021746939908031
1.015708237241577
1.0294483857409913
1.0261134514918109
1.0136247351847334
1.0090520329816337
1.018655973343777
1.0200755343760375
1.0121631142465468
1.0190347364838281
1.019963689947247
1.021004682709365
1.009910653702428
1.0187655700010039
1.0255607212806586
1.0214356179501023
1.0257142708677403
1.0196945649495175
1.024288773548078
1.0168251136301458
1.0142364986670238
1.018035622303161
1.0148701974473264
1.0106995016843046
1.0151226158849174
1.0209050875725154
1.0146161388279265
1.012160993506728
1.0132925017172332
1.0223686459080457
1.0176039296960062
1.0176759033092229
1.0110296963607917
1.015050297868771
1.014678584025225
1.0154296020270628
1.0226332412871113
1.0176139224311298
1.0204966415361332
1.0142579302656625
1.0249440562030474
1.024733603750072
1.0279726518622792
1.0264087899869134
1.0140267378321186
1.0154676488508354
1.0183497861360922
1.0205802940992383
1.0234856391232159
1.022242159799165
1.0163367949148803
1.0203310503201304
1.013608288637032
1.0111996882628462
1.0129624972379323
1.0220502978905617
1.0223216202045349
1.0166474339483023
1.0125518299317589
1.0102882365767165
1.0132360476068285
1.0190942331785273
1.0100272325360427
1.0088933623270528
1.0224596617738064
1.0172688919369608
1.028767500067549
1.0188424858598877
1.0158612462359016
1.0117825113940775
1.016989120462709
1.0103863416009256
1.0284115183038451
1.0228613042453303
1.0264709659982985
1.0222139503328083
1.0136530854995478
1.0076757986739666
1.0159989254746655
1.0110659933957273
1.0202623710555094
1.0147696293556858
1.0207088601585663
1.020411463595595
1.015902221880058
1.030005986762176
1.0174726369471325
1.011626886699365
1.0228203967302665
1.0197889377843192
1.0116500183240045
1.0196338727293397
1.0208476886721118
1.0217029492443963
1.0232543069689604
1.0196048831291171
1.022192942349224
1.021193610462842
1.011937567453679
1.0099870095330628
1.0150751157332898
1.020411351268507
1.0201821795764088
1.0157794823022082
1.022996074548629
1.0208986530140765
1.014286263885137
1.0187797617210423
1.0202327318286406
1.0221207761521196
1.0264820391262277
1.0237891232003178
1.0112649257653812
1.01908174670347
1.0271577548234445
1.018528009203514
1.0195747243242526
1.020991105442663
1.0192525932183885
1.0176222725368769
1.014464094180742
1.0242571632059512
1.0224051031455514
1.012408862220666
1.0191751902416744
1.007937516978914
1.0172891174755105
1.014343934514938
1.0151527561919158
1.0154715842504776
1.0234750151284482
1.0282567868673451
1.0189540304337301
1.0082777396270446
1.0267136128674261
1.0133345566522283
1.020272039090395
1.014743101033599
1.0231515171093706
1.0167035932907713
1.0226331876653865
1.0186434914325742
1.0140166630049778
1.0160250860381244
1.0181803321962035
1.0172778134720657
1.0157667110725643
1.0189297729200812
1.0206741487097275
1.0259627084976854
1.011630727018721
1.0206091048408532
1.0212599549236592
1.01563733323019
1.0100227795748693
1.0190578389969305
1.0149448092310667
1.0206459848437837
1.0240610618881858
1.0080936396931466
1.019680009849402
1.0205861640525935
1.0276188511603
1.0237308469339261
1.0160524614948943
1.0131408580007182
1.0192301718038483
1.0275593037865391
1.018090407020594
1.018782038548279
1.0128433635977003
1.0143812968974397
1.0178870853973785
1.0159138992007635
1.0219729967907747
1.0233027452256578
1.019687795537666
1.0205158674787256
1.0050272895737868
1.0169266732059983
1.0219551343115199
1.023063766120891
1.0165701608743367
1.0127119658612367
1.0198608441663022
1.0185732901025342
1.0197357279076067
1.0195748075653484
1.0179670679554995
1.0141388896856969
1.0124096330704633
1.0240321344055958
1.0107077363196946
1.0158246541958698
1.0206625506793872
1.0255750611844054
1.0138503362574032
1.0197664477081965
1.0160269733901282
1.016190538411635
1.0245335756664875
1.0165244326963194
1.0209086595304042
1.0239434352366255
1.0154469226689624
1.0223600481557298
1.0197607836916287
1.0237026859510399
1.016937193482879
1.0215502807843941
1.0257893328756746
1.0245289432096925
1.020765631087136
1.0210114948213613
1.0198268866604916
1.0155661364314192
1.0149632859201938
1.0280671205384444
1.018705105161145
1.025369770536155
1.022846560989844
1.0127809876642522
1.010386498016283
1.0177272751340154
1.0200581246764167
1.0234656359878624
1.0135357901574136
1.0198100535912171
1.0162901603177352
1.0156454467954579
1.021497623614578
1.0251663801406603
1.0202304596012737
1.0221349044600037
1.0207853473033337
1.0188338285680885
1.0229028878232254
1.0141503939707524
1.0223749925429748
1.0206217476167005
1.0081820993886987
1.016502920787068
1.0225392760977103
1.016850655272979
1.0218999518117635
1.0220253030673088
1.0118381992991723
1.016887617932225
1.0282164157993208
1.0218872556730314
1.0176620963321743
1.0276584653084935
1.012581071510506
1.0178621026004107
1.009357772013545
1.022193048113361
1.0212028711886891
1.0168316796339572
1.0232563537944486
1.0174250589776592
1.021511714513568
1.0141085246804233
1.01879826992049
1.0161033314260504
1.0217967583248275
1.0222139200842333
1.0182921335258637
1.019139989276823
1.021234867902021
1.020761691386737
1.0229257560587628
1.0162343658685102
1.0159381244949437
1.021162786196028
1.009947372416635
1.0076847193084144
1.0233414424260334
1.0248807615336994
1.0226046684782564
1.0227822804969258
1.0110569273319632
1.0193306838027416
1.0201552128186961
1.0257137714986189
1.013543384605248
1.020864911107237
1.0261111910620775
1.0163605769659068
1.01677789640113
1.025358859050977
1.0273975507792668
1.0172023771938588
1.0123516447152734
1.015823773237518
1.01475767612349
1.0066455458489805
1.0108422343095158
1.0124474979686646
1.0185184133003462
1.025428663930657
1.0212569016957171
1.0251684366747125
1.0175308440469473
1.0229509122501035
1.0173321034272853
1.0183585531120887
1.0151855830421892
1.0097799112503079
1.0175666083126678
1.022120312865218
1.0165422248053946
1.0191297616745694
1.015215182748651
1.0241747808905948
1.0168409379792167
1.0197268942058553
1.022158205105972
1.0174658841910493
1.0263552997481955
1.011383159767075
1.0227859170725844
1.023056715025541
1.021266102388124
1.0232713667763549
1.0168295231529547
1.025656420305461
1.026637313634483
1.0223298904804397
1.0189006580956095
1.0266414468950802
1.0219305299988273
1.0165333088368922
1.0234284323033505
1.0155794423486386
1.018099979911889
1.0215736334142043
1.0195700206012535
1.0146882346742037
1.027516658829489
1.0279669784613705
1.0226380438025475
1.017899493234136
1.019047401420807
1.0193523328811291
1.0174448825277504
1.0213049437538837
1.0173419617735933
1.0267067257547589
1.0214546934604156
1.0303689816729118
1.0163503960630391
1.0209152660226821
1.0163367332622666
1.0129971958744364
1.0213596439894639
1.0171662723778119
1.0137837786890147
1.0203052189722288
1.0093257450729853
1.0182277381479428
1.0183809149095375
1.0113302733287344
1.0174882902625983
1.0141497580857377
1.0257841626320594
1.0200973931213095
1.017271080854762
1.0208331436990632
1.0169660303223274
1.0187770349630294
1.0087709466632573
1.0130793977289483
1.0236095429977425
1.0232683990101563
1.0101266482034652
1.0237625573876732
1.015243182476205
1.0115160649527457
1.015238588711166
1.0176800212785064
1.0125479643535904
1.0141163752903184
1.0203933733295218
1.0234960218356213
1.0128543417126883
1.0351524741985894
1.0215775371453726
1.018096130663515
1.0145911484968966
1.0205761978731187
1.0178479722371627
1.0138874134217575
1.0288864294421487
1.020917404846074
1.0154780212395709
1.0180356829940016
1.0192319065214601
1.0204767590531452
1.012756405149937
1.008673461145236
1.0282865795167384
1.023041341458861
1.01776547533757
1.0254160669000703
1.025815406850844
1.0161393330072972
1.021659882712263
1.0174393203081447
1.0152593253980624
1.0200314316929155
1.0313550810107124
1.0214318939676044
1.019150463998241
1.0209284775078575
1.0203257410371862
1.0182574406620464
1.0134616239611804
1.0171800721782709
1.0133956510290452
1.0223946356275544
1.0192117050263356
1.0232040441626573
1.0152247036082485
1.0113628904550522
1.0292512980169408
1.0095882893985895
1.023645623434882
1.0285480980758626
1.0183300089114182
1.0106395749211963
1.016030242008937
1.0203070285276883
1.0215899111214164
1.0185530477072369
1.0212486736114952
1.015389554760272
1.0167023327280116
1.0226667946162076
1.0266766605310553
1.018161895667211
1.0136614339668193
1.0215437948036536
1.0166139331784128
1.0216608701332135
1.0164124775391399
1.0219119348129408
1.0248130270418745
1.0161596220912434
1.0180673972286214
1.0164517237280961
1.0212887332368852
1.0149249765742199
1.0132992029976122
1.0215272969185212
1.0266579414253776
1.0134321602055663
1.0232182949534152
1.0225082183313017
1.018579140499446
1.022120197378682
1.0176908578984794
1.0164155073039547
1.0151449167444255
1.018439505314771
1.0267355065138521
1.017649848860543
1.007997577558715
1.0252606520102732
1.0161258812710177
1.0166229780033766
1.018132619477692
1.0186413965425478
1.0162134393323004
1.0158834736740519
1.018758619655203
1.0193804189743683
1.0229721932687168
1.0123251611538004
1.0244436733444917
1.013434972856073
1.0261649178609635
1.0180690477718268
1.0186196664475184
1.0187058037589944
1.0125684075054189
1.020460882727009
1.0170509730703023
1.0087400256714167
1.018779642508633
1.0072511337091656
1.0084225901717623
1.0194580758389435
1.0351912532232073
1.0210088417606893
1.022015663736621
1.022129396019203
1.0159870249889094
1.0174791283249809
1.0198064903470239
1.0223732767463372
1.023141593417506
1.0233100895791896
1.0207162061258825
1.0170841273536673
1.00708517340424
1.0219985528736597
1.0309840309059306
1.0233166333421948
1.0265997221746879
1.0236729841954586
1.0165095444301888
1.0174279184943413
1.0167640203498514
1.024364594772947
1.0149990705123428
1.0180548942393997
1.012904702547961
1.0176552739564324
1.020989165217378
1.0278383625350922
1.0144219651858997
1.0187709098032902
1.0186505828298367
1.020326190885933
1.020132897589478
1.0240725246027065
1.0074499073274015
1.0231880816397758
1.0275197222843906
1.017110388745754
1.0212245226963075
1.0206575708133727
1.0175811021899175
1.0172673332558455
1.024114432510836
1.0084063295661658
1.0173600091023371
1.0230938899112554
1.0336540587146723
1.0110165670490991
1.02418818838345
1.0136926037762692
1.029609626510861
1.017960380427147
1.0153447025067348
1.013917642126563
1.0219528637768212
1.0190943218393111
1.0271064695445449
1.015435205774412
1.022582389930964
1.0183969377627504
1.0142025392677332
1.0142803300870535
1.0161549188622716
1.0245104255011748
1.0213488462572917
1.0159402649808646
1.0252598124445678
1.020397227578906
1.0220658713878663
1.026906296682257
1.0141935426750337
1.0107185310540592
1.0180990932977165
1.0241014901080798
1.0239791289654245
1.02180731072685
1.022140716957387
1.012532474932878
1.0163926266061118
1.019272944861967
1.0159427093310818
1.0184940143675032
1.0222202389079869
1.0200222496356397
1.0174033421698003
1.0175638139913397
1.0161723021277755
1.0145830718667674
1.0215722756378982
1.0220911757858278
1.0199398558347905
1.0130765422547807
1.0144836821507675
1.0226318695437024
1.0087473747122788
1.0146696295225561
1.0155275266825943
1.0142934954143314
1.0206086233239993
1.0169602411518084
1.0123705599996797
1.016711845047979
1.0175801778662763
1.017525717203992
1.0184701225265325
1.0164004271639377
1.008891636035744
1.0240138595065966
1.0169911201338073
1.027192642611169
1.019621354388345
1.0144681725269382
1.0207261561697583
1.0222000720450863
1.0214189099813031
1.0217342279908352
1.0199974387978832
1.016419638966357
1.0143623814652465
1.0197520562698739
1.0191936951066716
1.0242990095490754
1.0242918518309505
1.0243489373513102
1.0203281613544677
1.022923148678782
1.015523604467261
1.0146614552883384
1.0246571489465564
1.0184478209223062
1.0171036523861625
1.0230566272499657
1.0167262022252859
1.0177420718553558
1.0240770713729423
1.0294735608655727
1.0233165913774724
1.0219035139296948
1.008351800733928
1.0161460200183956
1.014884582419705
1.0188870579112204
1.0187418161459756
1.0140383545085323
1.0097798715322581
1.0235257562085434
1.022823214702229
1.0243251552367065
1.0164880762858788
1.0244275814633963
1.022571006335226
1.008392766950156
1.0119616404237575
1.0213855878477438
1.023025106542312
1.0102770614048886
1.023416699285491
1.0088073951191407
1.0246170334509783
1.019916905059137
1.0161807322375127
1.0155464297536692
1.0131717704824592
1.0164393281458737
1.0137582865445758
1.016716581635349
1.0193330930196542
1.0192079964377927
1.0198309547044546
1.016383543157516
1.0118763884334865
1.014503573340011
1.0113392199457472
1.01509849899275
1.022152884398253
1.011244711628214
1.014728785576988
1.0187531309366413
1.0124825455332012
1.0165239424990677
1.0179243278282368
1.022926861929132
1.0144458542414405
1.020594663084876
1.0245549251818657
1.019222124256638
1.01103376885198
1.0218593947599246
1.0234856427564996
1.013632550911088
1.0253075142806216
1.0228852781179105
1.0180135598051328
1.0123636919823231
1.0169602707925858
1.0184992131849657
1.020499065148388
1.0201015810229954
1.0193090364194823
1.0206863676385325
1.0216222888126736
1.0189978928726935
1.0231516395438323
1.0230430079418398
1.014241051218072
1.0209254947428
1.0158725675048994
1.0200630894223783
1.0241139196162963
1.0128862277514756
1.0142855589093105
1.0222709950823732
1.0273509318111698
1.024040669580124
1.0201036928871938
1.0243814950849954
1.0190239487933275
1.0137084480160545
1.0253753894110047
1.0240175445112354
1.0150490097893985
1.0222136810496565
1.0211230314873625
1.0129590091239522
1.0218589148915094
1.0196291601225682
1.0174640117937577
1.0249879828282784
1.0180383187856106
1.0236129670600629
1.0209458773601894
1.012700494188026
1.0208856217469229
1.014628914227977
1.0104373226840084
1.0165524963562285
1.0154631635193714
1.0231129008299344
1.018900020409827
1.0253366963453334
1.0182360417019924
1.016606531858556
1.0323809803926571
1.0140378311358997
1.01685334630318
1.0160123627672875
1.0144422239029516
1.0260801981116399
1.019864414432302
1.0137447508542798
1.026714636510407
1.0106989353548665
1.0134509352870797
1.0312208978943351
1.02057542559359
1.0087707043081604
1.0252640536720958
1.017361811388277
1.0172973177427869
1.0194913289522496
1.024323539950056
1.017686211985054
1.0201513552461519
1.0109246239550458
1.016774641472858
1.0200050897362507
1.0140690553204599
1.0218590104158927
1.0169515951362915
1.017823638554237
1.0224211448335012
1.012245199625619
1.017232486746905
1.0160114094405843
1.0151810588821757
1.0153314622798015
1.0199487879724545
1.0167681869000895
1.0171425881171157
1.0267980806052173
1.017569787313002
1.004965807159976
1.0204291637075809
1.0167066509063518
1.0251287402537559
1.0197802347572522
1.0194600706565198
1.023768502798712
1.0234251593902655
1.0017450553018017
1.0163661088443658
1.0079774644160084
1.0204236010337424
1.0216189493972796
1.02015884514197
1.0209252511837543
1.0248867309086584
1.021201594157298
1.021157504479615
1.0242896758675715
1.0093859003660268
1.0165294767759716
1.0204324661004078
1.0157305739576137
1.0151826994624176
1.0281631183566424
1.0116482166250451
1.0152929921350655
1.0169375144024972
1.0243321132313554
1.0146188948936947
1.0165236505711253
1.0174838420815009
1.019270801004056
1.0223420337072957
1.0180466499918828
1.0212063808883145
1.0178173155301715
1.0200872960657348
1.0151140116283368
1.0136845916260873
1.0216325978807779
1.0235356158681725
1.0221919639193173
1.0281444043912087
1.0239104443593579
1.0227957509210146
1.0153006177086255
1.0169086958908242
1.0154481044069776
1.0183706193479856
1.023403736642237
1.02492755358055
1.0221370008741832
1.0135796409826459
1.011395552986837
1.0208877138816217
1.020646672846328
1.0279378792113554
1.0190691551752808
1.0192927918893682
1.0161504918912263
1.0214222957154038
1.0203204736302047
1.0207511611564224
1.0169506288302563
1.0172091998168766
1.0202391892159015
1.0159250978881178
1.0060210175836621
1.0228482392827158
1.0196734977607091
1.0145249624183565
1.0291692878150474
1.026067528236832
1.0157411359979724
1.0184766372611769
1.0156763136104843
1.0193045386697608
1.0247987644085055
1.0090530681524565
1.0219944301446853
1.0222575637872238
1.0131918340338673
1.020640433562845
1.023043243959869
1.0241364154764172
1.0200233381187596
1.0243398069103813
1.0157609309751372
1.021456586147712
1.0122528486989077
1.0189773706689722
1.019429136715997
1.0211065682184184
1.0201056489006197
1.0204211849183635
1.0205320861860574
1.0161946677278657
1.0152922078943183
1.019336068770436
1.0166586078924382
1.0157792682997067
1.0152819727266253
1.0197160986375948
1.0200925481126641
1.030482334007029
1.0158593809899903
1.0119950129078987
1.0189814397005625
1.0184068517626867
1.016650584015312
1.022556018104466
1.01736599689509
1.0182826254326651
1.0131190517182067
1.0136261755593587
1.0197214029872395
1.0262501171685499
1.012698855579146
1.0170214344680706
1.0235594774638699
1.0283944264640845
1.0210761454317603
1.024281298024445
1.0124367886103038
1.0206293926010763
1.0186980935220409
1.0107325561848453
1.029254078255475
1.02147272625688
1.0142904918061313
1.0249427036160452
1.0223116815624969
1.0195979048575683
1.0257967553278653
1.021420075669326
1.0183467576297862
1.0296310285960464
1.013573070552328
1.017762381336405
1.0102258379690767
1.0192741806992935
1.0145635228380305
1.021356827843252
1.0156023557019143
1.0160706306760696
1.0096474839427607
1.018586258317242
1.0134367672120994
1.0207435355492909
1.0165303202595526
1.008178669705682
1.0158072333111987
1.0221113896226126
1.0249277877805103
1.0224317229786328
1.0133958996119141
1.027258762107382
1.0231126817204315
1.0111032551190513
1.0262827286305278
1.0177113108340512
1.024032522393819
1.0049646425850527
1.0233339714602738
1.0161990731618278
1.0241254935805126
1.026306050525239
1.0199445063145505
1.022131291699811
1.0225414175322978
1.0244840880951855
1.0156690331989713
1.0173599222793441
1.0156141054289312
1.031457332858888
1.0100446433904626
1.0131537620282616
1.015851710753506
1.0219334825856519
1.0219785055349044
1.02782993023959
1.0157418697470868
1.010624604876996
1.0148150790688466
1.0172993965538988
1.011557085695908
1.024009969167554
1.015264255148386
1.022163313964269
1.0215966118072939
1.0157000882887026
1.0245814983890484
1.0190296923007036
1.0213161436108338
1.0162697583024507
1.0170260530306026
1.029242441651344
1.025707281950116
1.0139718333959253
1.0181544994715253
1.0227551256940304
1.0213617082456383
1.0206540192370954
1.012537492227167
1.0272961421222655
1.0222132933240273
1.0168132643089112
1.01877506060627
1.019322000858186
1.0082817318606656
1.0213455476243736
1.020210019682172
1.01247610463302
1.0173762017729389
1.0191553457938205
1.015203487986112
1.0255092890881514
1.0173644900374137
1.0153102452968992
1.017226202059195
1.018882695267808
1.018793637036984
1.0242276847052527
1.012337349806017
1.0170332025166164
1.0187745949025744
1.0219211513078335
1.019515636583072
1.0130103996012383
1.0175358696897072
1.0242140473135235
1.0148288142828772
1.0282113934523833
1.0134486178666307
1.016370770993291
1.0207534773978661
1.0193052003973
1.0145494836168574
1.017428210707251
1.023309225063047
1.0206191246591905
1.0235458073382429
1.0178899363950151
1.0205822677121472
1.0194660402501183
1.020975462433176
1.02107750263543
1.0151961480072467
1.0280005046244955
1.0129925870848844
1.0174517362038755
1.0142730232738284
1.0164780231141102
1.0130137220742566
1.0157944386168731
1.0161425304218823
1.0222330804557842
1.0170891439665248
1.0123727918881598
1.017915619936404
1.015394048742566
1.0209411547141358
1.0217772284939584
1.0130804375534708
1.0185924131548934
1.0363792948417343
1.0213620991670946
1.0168800641688205
1.016992102629845
1.0286671103328082
1.0327828178629384
1.021294118952048
1.0263967937670497
1.0169471919559512
1.0260051367445988
1.0180998613058123
1.0165823798932647
1.0217198869131436
1.0118943003283767
1.0189912558544776
1.0204391350510762
1.0145155718025378
1.0213428735141317
1.0151244812110995
1.0117915616012307
1.0218877039009504
1.0141208187542954
1.025056838995713
1.014419223646091
1.0155950011094275
1.019239170119377
1.0225995636633143
1.023704733233779
1.018781017728279
1.0226390164137609
1.0204820098549803
1.018544876279782
1.0152735000294306
1.0197579745969108
1.0127449467641674
1.0233071269869385
1.0296468193349033
1.0217068417264126
1.0154922221081661
1.023015748273269
1.0156584892374825
1.017253671386328
1.0201892472405498
1.0211075661160471
1.0169481633027433
1.0102915123497473
1.020041731747745
1.022774953353312
1.013326025022671
1.0182226362700457
1.0180896348711965
1.021410254448792
1.0275427755311504
1.0273041604641406
1.014623012443809
1.0245818835471734
1.0219202172017772
1.0257058412916866
1.0147411423142754
1.014119602907501
1.0250673873034906
1.0252645256838855
1.013990232913181
1.0173702256839048
1.0139928307609003
1.025621184609396
1.023906948981859
1.0177077108496788
1.0247925069088804
1.0160585112233227
1.0187765006148979
1.0233258258195455
1.018486474732
1.0234724623856646
1.0124009099346818
1.0195342857532157
1.016463189855006
1.018313556070577
1.0225535250696178
1.011491025901672
1.0172548623586248
1.0200347341475566
1.0239941816164517
1.0167465178977744
1.0184230161442223
1.0267296935307886
1.0175065128140792
1.0100486368677741
1.0071526493497927
1.0282314848277578
1.0233637100056605
1.0198265425652941
1.018586031526085
1.0257514524528966
1.0250918302252703
1.0242957905882482
1.0153792947985838
1.0261774638674013
1.0173396130943835
1.0205687793281162
1.0214223757096228
1.0235083229327575
1.027687986111883
1.0230342657307558
1.017161668867478
1.0241912632178736
1.011885162278324
1.0142916090243321
1.0154972372919182
1.0226393186267628
1.0237905600914383
1.0139725976483314
1.0190266786446538
1.019792760899202
1.0239284643771196
1.020974611710927
1.0133152405887422
1.0147108508369094
1.0199834037200124
1.0247634829242973
1.0143800002049996
1.0135905621930352
1.0276876547134843
1.010428269192148
1.018190434639604
1.0138376841882826
1.022388870853046
1.018163300658043
1.018356670123568
1.0196106964936527
1.0238942301868135
1.020316421950804
1.0223149716799915
1.0148701036537415
1.02483894140915
1.0131430530945305
1.0148997675756155
1.0101362393576045
1.0218588504458983
1.016352726650909
1.0191801476008038
1.0113575794890965
1.0211134890750346
1.0246164832227391
1.0197475311067281
1.013898922444993
1.011367966451503
1.018634991288318
1.0233550619226612
1.0196981535646947
1.0190298318533204
1.0226369758027396
1.0257490989646456
1.027549813290625
1.015309138176234
1.0133297722963546
1.0172069383832603
1.016155060443175
